17  12   2   2   4   1   4  27   9   1   1   4   0  48  16   2   3   3   0  51   7   1   3   1   0   1   2   1   0   2   3   1   2   0  44
14  10   1   2   4   7   6  23   8   1   2   2   7  38  11   1   1   1   4  31   0   1   2   0   0   1   0   2   2   0   2   2   1   1  26
23  15   3   1   6   5   6  32   8   1   1   5   1  55  18   2   2   4   0  63  10   0   1   1   0   3   2   0   1   2   0   2   0   1  53
14  10   2   1   4   7   5  20   7   1   1   1   8  15   0   2   2   0   8   9   0   1   2   0   7   3   0   1   0   1   0   1   2   2   7
17  13   2   2   6   1   5  30  10   2   2   6   2  50  16   2   2   4   0  53   7   1   1   1   0   0   0   3   3   0   2   0   2   0  45
10   9   1   0   4   7   6  29  14   3   1   4   5  49  15   1   1   2   0  50   6   0   3   1   0   1   0   1   2   3   0   2   2   1  43
10   8   1   2   5   2   6  26  13   2   1   4   0  44  14   1   2   3   0  49   8   0   3   1   0   3   2   1   1   3   1   0   1   2  41
13  11   1   1   5   2   6  33  14   2   1   5   0  56  17   2   2   4   0  60   7   0   2   1   0   0   3   3   1   3   0   0   1   1  51
6   6   0   2   6   5   6  25  14   3   1   5   6  53  19   1   1   3   1  61   9   0   1   1   0   1   0   1   2   1   3   1   1   1  52
12  10   1   1   5   1   5  26  11   1   2   5   2  44  15   1   1   3   0  51  10   1   2   1   0   1   0   3   2   2   0   2   2   0  44
14  10   1   1   3   7   6  23   9   1   1   3   3  38  12   2   3   2   3  41   6   1   2   1   0   3   1   0   0   3   2   2   0   1  35
12  10   2   1   5   7   7  24  10   1   1   4   5  45  17   3   2   3   0  51   9   1   3   1   0   2   3   3   1   0   0   0   0   0  43
17  12   1   0   4   7   5  30  11   2   1   4   2  55  18   2   2   3   0  68  13   1   1   1   0   1   3   3   3   3   0   0   1   0  57
9   8   0   1   5   0   5  26  12   2   1   5   0  42  13   1   3   3   0  46   7   1   3   1   0   1   0   1   2   3   2   0   2   2  39
13  10   1   1   6   4   6  29  12   2   1   6   0  52  17   1   2   4   0  53   7   1   3   1   0   1   2   1   0   3   0   2   2   1  45
13  10   1   2   4   3   4  25  10   2   3   4   4  41  14   0   1   3   0  44   7   0   3   1   0   3   0   3   2   1   3   1   1   2  38
14  10   1   3   6   1   6  31  12   1   0   6   0  52  17   2   2   4   0  58   8   0   3   1   0   2   3   1   0   3   0   0   1   2  49
16  12   2   1   6   1   6  32  12   1   1   5   3  54  16   1   1   3   0  54   6   0   2   1   0   3   0   0   1   1   2   0   0   2  46
17  13   3   1   5   6   6  30  10   1   1   5   0  49  14   1   2   3   0  52   7   1   2   1   0   1   3   1   0   3   3   2   2   2  45
10   8   1   3   7   2   7  20   9   0   1   7   0  50  21   2   2   5   0  61  11   0   2   1   0   0   1   1   2   0   0   0   1   1  52
26  17   3   1   5   5   5  37   9   1   1   5   0  56  15   1   2   3   0  58   7   0   2   1   0   0   3   1   0   2   1   0   1   1  49
14  11   2   2   7   5   7  32  13   3   1   6   5  61  22   2   1   5   1  68   9   2   2   1   0   1   0   1   2   1   1   2   2   1  58
22  14   2   0   7   4   7  41  13   2   1   6   0  67  19   2   3   4   0  75  10   1   1   1   0   0   3   2   1   2   3   0   1   0  63
12  10   2   2   3   3   4  21   7   1   1   3   5  39  13   2   2   2   2  43   7   1   3   1   0   2   0   2   3   1   0   0   0   2  36
13   9   1   1   4   3   5  31  12   2   0   4   0  49  14   1   1   2   0  54   8   0   2   1   0   1   2   1   3   1   1   2   2   2  46
12  10   0   1   7   3   6  27  11   1   2   6   0  52  17   1   1   4   0  56   8   0   2   1   0   3   3   3   2   3   2   2   2   0  47
10   9   1   2   3   4   3  30  13   3   1   3   0  46  13   1   1   2   0  52   8   1   1   1   1   3   2   1   0   3   0   2   1   1  44
16  11   3   1   3   5   4  25   8   2   0   2   7  32   8   1   1   1   1  28   2   0   1   0   0   3   0   1   2   1   2   1   1   2  23
26  16   3   1   5   2   6  42  12   2   2   5   0  56  13   0   2   3   0  63   8   1   1   1   0   2   2   3   1   3   2   0   2   1  54
17  12   2   1   4   7   6  30  11   2   1   4   5  50  15   2   2   3   2  57   9   1   1   1   0   3   2   2   2   1   3   0   0   0  48
16  12   2   2   5   1   6  27  10   2   3   5   0  53  18   2   1   4   0  61  10   1   1   1   0   3   1   3   0   3   3   2   1   2  52
21  14   2   1   6   3   6  44  17   3   0   5   0  68  18   1   1   3   0  75  10   0   1   1   0   1   2   0   1   3   1   0   0   2  64
17  12   2   1   6   6   6  27   9   1   2   6   0  58  22   2   2   5   0  72  13   1   2   2   0   0   3   2   0   3   1   0   0   2  61
10   8   1   1   2   8   5  14   6   1   2   2   5  18   6   1   2   1   1  20   4   0   2   0   3   3   2   1   1   3   0   1   1   1  17
19  13   2   1   5   1   6  28   8   1   1   5   0  51  16   2   3   3   0  53   6   0   3   1   0   3   1   3   0   2   0   1   1   0  45
10   8   1   1   5   4   6  19   9   1   3   5   0  45  19   2   3   4   0  51   9   0   2   1   0   1   3   2   3   2   1   2   0   1  43
15  11   1   2   7   0   7  27  10   2   3   6   0  47  16   1   2   4   0  53   9   1   3   1   0   1   1   3   3   0   1   0   2   0  45
10   8   1   0   4   2   4  26  12   3   2   5   2  45  16   2   2   3   0  55  11   2   2   1   0   0   0   3   2   0   0   0   2   1  47
11   9   1   0   6   3   6  25  11   2   1   6   0  56  22   2   2   5   0  67  12   1   1   2   0   1   2   1   1   2   0   2   2   0  57
17  11   1   2   6   5   6  34  13   2   1   6   0  58  18   2   3   4   0  59   5   0   3   1   0   1   2   3   2   3   0   1   1   1  50
2  3  0  3  1  8  6  5  5  3  2  0  8  2  0  2  1  0  4  9  6  1  2  0  4  2  0  2  2  1  0  0  0  2  8
14  10   1   1   5   4   6  27  10   1   2   5   4  44  13   2   2   1   8  42   4   2   2   0   2   0   0   3   0   2   3   1   2   0  36
16  12   3   1   4   6   6  28  10   1   3   4   3  42  12   1   2   2   0  45   7   0   1   1   0   1   1   3   3   3   3   1   2   2  38
17  12   2   3   5   1   5  31  10   1   0   5   0  57  19   1   1   4   0  60   8   1   1   1   0   2   3   0   2   3   3   0   1   2  51
8   6   0   2   4   7   6  20  10   1   2   3   1  38  13   1   2   2   3  48  10   1   1   1   0   1   2   3   0   2   3   2   1   0  41
14  10   1   1   5   2   5  34  14   2   0   5   0  59  19   2   1   3   0  65  10   0   1   1   0   1   1   3   3   1   2   2   2   2  55
18  12   2   1   3   6   4  29  10   3   2   3   2  46  13   2   1   2   4  40   2   1   2   0   0   1   2   3   0   0   2   2   2   1  34
13   9   1   2   5   0   5  26  11   2   1   5   0  46  15   1   2   4   0  53   9   1   2   1   0   2   3   0   3   3   2   0   0   1  45
6   6   1   1   2   8   6  13   6   2   3   2   3  27  10   2   2   1   2  21   1   1   1   0   3   2   2   2   1   3   0   0   0   2  18
7   6   1   1   1   8   6  16   7   2   3   1   1  12   0   2   1   0   3   8   1   1   1   0   3   0   1   3   0   0   0   1   2   0   7
15  11   1   1   6   1   6  24   9   1   2   6   0  50  19   3   1   4   0  57  10   0   2   2   0   0   1   1   2   0   1   0   2   1  49
13  10   2   1   3   6   3  31  13   2   0   3   1  42  11   1   2   2   0  45   7   0   3   1   0   3   3   0   3   3   1   2   1   2  38
24  15   3   1   6   3   6  43  14   2   2   6   4  63  17   2   3   4   2  70   9   1   2   1   0   3   0   1   1   2   3   2   2   0  59
12   9   1   1   2   5   3  16   6   1   1   2   0  23   8   3   1   1   0  21   2   1   2   0   0   0   3   3   0   3   1   1   2   1  18
11   9   1   1   4   6   5  23   9   2   3   3   6  39  12   1   2   2   3  44   7   2   1   1   5   1   0   3   3   3   0   2   1   1  37
14  11   1   1   4   1   4  27  10   2   2   4   0  51  18   2   1   3   0  53   6   1   3   1   0   1   2   3   0   3   3   1   2   2  45
15  11   1   1   6   3   6  26   9   1   0   6   0  50  19   1   2   4   0  56   9   2   2   1   0   1   3   0   1   0   3   0   1   0  47
6   6   3   3   1   8   6  14   7   2   3   1   1  21   8   1   2   1   0  16   0   1   2   0   0   3   3   3   3   1   3   2   2   1  14
11   9   0   1   6   7   7  23  10   2   1   5   3  50  19   1   3   4   0  59  10   1   2   1   0   2   1   3   2   3   2   0   1   1  50
14  11   1   0   5   5   6  25   9   1   1   5   1  57  21   2   1   4   0  69  12   1   2   2   0   1   1   1   2   0   2   1   2   0  59
6   6   2   1   1   8   4   9   5   1   2   1   0  21   9   2   2   1   0  17   0   1   3   0   0   1   3   3   3   1   0   2   1   2  15
16  12   2   2   5   6   6  29  11   2   3   6   3  51  16   1   1   3   6  60  11   1   2   1   0   3   1   3   0   1   3   0   2   2  51
11   8   0   1   5   7   6  27  12   2   1   6   3  49  16   1   2   4   4  57  10   1   1   1   0   1   1   3   0   3   3   0   2   2  48
13   9   1   0   4   4   4  25  10   2   3   4   5  41  13   2   3   2   4  40   4   1   2   0   5   0   0   2   1   2   0   0   0   0  34
19  13   2   1   4   4   4  32  10   1   2   4   0  47  13   0   2   3   0  50   7   1   2   1   0   0   2   3   1   3   2   0   2   2  43
10   8   1   2   4   2   4  29  13   2   1   4   0  51  17   2   2   2   0  56   7   0   3   1   0   3   2   2   1   3   2   2   0   2  47
18  12   2   1   6   0   6  30  10   2   3   5   0  51  17   2   1   4   0  58   8   1   2   1   0   1   2   2   2   3   2   1   1   1  50
9   7   0   2   5   3   6  22  10   1   2   5   0  44  17   1   1   3   0  53   9   2   1   1   0   2   2   2   1   3   3   1   1   2  45
13  10   1   0   3   2   3  21   8   2   3   2   0  44  16   2   2   2   0  49   7   1   3   1   0   0   0   2   3   3   2   0   1   2  41
7   6   0   1   3   0   3  23  12   3   0   4   0  42  15   2   3   3   1  50   9   1   2   1   0   1   1   3   0   1   1   0   2   2  42
6   6   1   1   1   8   6  13   6   2   1   1   4   8   0   2   2   0   6   2   0   0   2   0   1   2   3   1   0   3   3   0   2   2   2
15  11   1   0   6   3   6  27  10   1   2   5   0  48  16   0   2   3   0  51   7   0   2   1   0   0   2   3   2   3   0   0   2   2  43
22  15   2   1   6   2   6  39  13   1   0   6   0  61  18   1   1   5   0  77  14   2   2   2   0   3   2   3   1   1   0   2   0   2  65
15  11   2   1   7   1   7  33  13   1   0   7   0  54  16   1   2   4   0  62  10   1   2   1   0   2   3   1   2   3   1   0   1   2  53
22  14   2   0   4   5   5  34  10   2   1   3   0  49  13   1   2   2   0  56   9   1   1   1   0   1   3   0   1   0   3   2   0   1  48
7   7   0   2   6   4   6  29  14   2   1   5   0  58  21   2   1   4   0  68  11   1   3   1   0   0   3   2   2   1   2   0   0   2  58
8   7   0   0   7   5   7  21  11   1   0   6   1  45  18   2   3   5   0  64  16   1   1   2   0   0   2   1   2   3   2   0   1   1  54
15  11   1   1   5   5   6  32  13   2   0   5   2  57  18   1   2   4   0  60   7   1   2   1   0   1   2   1   1   1   1   2   2   1  51
4   5   1   3   2   6   3  11   7   1   2   2   2  15   6   0   1   1   6  11   0   0   2   0   3   2   2   3   0   1   1   0   1   1   9
16  11   1   1   7   4   6  30  11   1   1   6   0  54  17   1   2   5   0  65  12   1   3   2   0   0   3   1   3   1   1   0   1   2  55
12   9   1   1   5   0   5  30  12   2   1   6   0  54  17   2   2   4   0  61   9   0   2   1   0   1   2   3   3   3   2   1   1   1  52
12  10   2   1   3   3   3  25  10   1   1   3   6  42  13   3   3   1   7  34   0   0   2   0   2   2   0   1   0   3   1   1   2   1  29
8   8   1   2   2   5   3  18   9   2   2   2   4  29  10   1   2   1   0  27   2   0   2   0   0   0   0   0   3   1   1   0   0   1  23
7  6  2  2  1  8  6  9  3  1  1  1  6 10  4  2  2  0  3  7  1  1  1  0  0  2  2  2  2  0  1  0  0  0  6
10   9   2   2   3   7   6  21   8   2   1   3   0  36  13   1   1   2   0  43   8   0   3   1   0   1   3   1   1   2   0   2   2   0  36
8   6   0   2   5   2   6  29  15   2   0   6   0  56  20   1   2   4   0  58   6   1   1   1   0   3   2   1   1   0   1   2   2   0  49
15  11   1   1   6   5   6  31  11   2   0   6   2  55  18   1   3   4   2  61   8   0   1   1   3   2   1   0   0   2   0   0   0   0  52
12   9   1   2   5   0   5  26  11   2   1   5   0  46  15   1   2   3   0  49   8   1   3   1   0   3   3   0   0   3   3   2   1   2  42
16  11   3   3   5   0   6  32  12   2   3   6   0  57  19   1   2   4   0  55   5   0   3   1   0   2   1   3   1   1   2   0   2   2  47
7   6   1   0   2   6   3  16   8   1   2   2   4  27  10   2   1   1   6  28   5   1   2   0   0   0   0   3   0   1   3   1   2   1  24
17  12   1   2   6   3   7  29  10   1   2   6   0  53  19   1   3   4   0  62   9   1   3   1   0   1   1   1   0   2   0   1   2   0  52
14  11   1   3   6   6   7  25   9   1   1   4   7  49  18   2   2   3   3  53   7   0   2   1   0   3   0   1   2   3   3   1   2   2  45
2  3  1  1  0  8  5  0  0  1  2  0  6  0  0  2  2  0  1  0  0  1  2  0  0  1  2  1  3  2  2  1  1  0  0
10   9   1   1   4   6   5  16   6   1   3   2   8  29  12   1   1   1   5  23   0   0   3   0   0   3   0   3   1   0   3   1   2   0  20
7   7   0   1   4   0   4  19   9   1   1   4   0  44  17   3   1   2   0  52   9   1   2   1   0   1   3   3   3   3   2   2   1   2  44
13   9   1   1   3   7   6  19   6   2   2   2   2  28   9   2   1   1   5  23   0   0   3   0   0   3   3   3   0   1   3   2   1   2  20
8   7   1   1   3   3   3  23  11   2   2   3   0  43  16   2   1   2   0  55  11   1   1   1   0   0   2   1   3   0   2   1   1   1  47
13  10   1   1   4   7   5  19   7   1   1   2   7  36  14   3   1   1   2  38   5   0   1   0   0   1   0   2   3   2   3   0   1   0  33
8   7   0   2   3   7   7  19   9   3   2   2   6  35  13   1   1   1   5  28   0   1   2   0   0   3   3   0   0   0   1   2   0   1  24
8   7   1   2   4   3   4  22  11   2   1   3   0  46  16   2   1   3   0  46   6   0   2   1   0   2   2   2   1   0   3   0   1   0  39
12   9   2   1   3   6   5  22   9   2   0   2   2  27   7   1   2   1   1  20   0   0   2   0   0   3   2   0   0   1   1   0   0   1  17
9   7   0   1   2   7   4  19   8   1   0   2   3  36  13   1   1   2   0  48  11   2   1   1   0   0   2   0   3   3   2   0   1   1  41
7   7   1   1   2   8   7  15   8   1   2   2   2  27  10   1   2   1   0  20   0   1   3   0   0   3   3   0   1   2   2   2   0   0  17
9   8   1   1   3   4   4  22   9   1   0   3   0  39  14   1   2   2   0  46   9   2   1   1   0   3   2   0   0   3   3   2   0   1  39
18  12   2   2   6   4   6  35  12   2   2   6   2  57  17   1   2   4   0  64   9   2   2   1   0   2   1   0   1   3   2   0   1   2  55
6   6   0   3   3   7   6  20  11   2   2   3   4  35  12   1   2   2   0  43   8   0   2   1   2   3   2   2   2   3   0   2   0   2  36
15  11   1   1   5   4   5  26  10   2   2   5   3  46  16   2   1   3   0  50   7   0   3   1   0   3   1   2   2   0   1   2   0   0  43
0  0  2  1  0  8  5  0  0  2  2  0  8  0  0  2  1  0  5  0  0  1  2  0  0  1  0  3  2  0  2  2  1  1  0
6   5   1   0   1   8   3  16   8   2   0   1   3  26   9   1   1   1   0  19   0   0   3   0   0   0   2   1   1   2   0   0   2   1  17
15  11   1   2   6   5   6  33  13   2   1   6   3  64  23   2   1   4   0  64   6   2   2   1   1   1   2   0   1   2   0   1   1   1  54
14  10   1   0   4   6   5  27  11   2   0   4   1  48  17   1   2   3   0  56   9   0   2   1   0   0   1   0   3   0   3   1   1   0  48
8   7   0   1   3   3   3  17   8   2   2   3   3  29  10   1   2   2   0  35   7   0   3   1   0   1   0   0   2   1   1   2   0   1  30
15  11   1   1   4   7   6  30  11   1   1   5   2  55  18   1   2   4   0  63  10   2   2   1   0   2   2   3   1   3   3   0   1   2  53
16  12   2   2   4   3   5  29  11   2   0   4   1  50  15   0   2   3   0  59  10   0   2   1   0   3   2   1   3   3   0   1   2   2  51
0  0  2  0  0  8  4  0  3  1  1  0  2  0  0  3  3  0  0  5  5  1  2  0  0  0  2  1  2  2  2  0  2  1  4
11   9   1   1   5   2   5  26  11   2   2   5   3  44  14   1   3   3   7  54  11   0   3   1   1   1   0   3   0   2   3   0   2   1  46
12   9   1   2   4   0   5  23   8   1   3   3   0  38  13   1   2   2   0  45   8   0   3   1   0   1   3   3   0   3   2   2   1   1  38
12   9   1   1   6   4   6  28  12   1   0   5   5  45  14   0   2   3   0  48   8   0   3   1   0   3   0   1   1   1   0   0   2   2  41
14  11   2   1   3   2   3  27  11   2   1   3   0  42  12   1   2   2   0  53  12   0   1   1   0   0   1   1   1   3   1   1   2   1  45
13  10   2   3   4   5   4  20   8   1   2   2   7  31   9   2   2   1   3  41  10   2   2   1   0   2   0   3   2   3   3   0   2   1  35
0  1  2  1  0  8  3  0  2  2  3  0  2  0  0  2  2  0  0  0  1  0  3  0  0  1  3  2  2  0  1  2  1  0  0
9   8   1   3   4   0   5  23  10   2   1   3   0  42  15   2   1   2   0  47   7   0   2   1   0   2   1   0   1   0   2   0   0   1  40
16  11   2   1   4   2   4  28   9   2   1   3   0  44  13   1   1   2   0  47   7   0   1   1   0   0   3   2   0   1   2   0   0   2  40
7   7   1   2   2   8   4  16   8   1   1   2   6  12   2   2   3   0   8   7   0   0   1   0   7   0   1   3   0   3   0   1   1   2   6
14  11   1   1   4   1   4  30  11   1   1   4   0  50  16   1   2   3   0  56   8   1   2   1   0   0   2   3   3   3   1   1   1   2  48
18  12   2   2   6   3   6  32  12   1   1   5   0  55  17   2   2   4   0  61   9   0   2   1   0   3   2   1   0   2   0   0   2   1  52
13  10   1   1   5   5   6  25  10   1   1   5   0  50  18   1   2   4   0  64  13   2   2   1   0   0   2   3   0   3   1   0   1   2  54
15  11   2   2   7   4   7  25   9   1   2   7   4  55  21   2   1   5   0  63  10   0   2   1   0   1   0   0   1   3   1   1   1   1  54
7   6   0   1   2   7   3  15   6   0   1   2   3  36  16   2   1   2   0  27   0   0   2   0   0   0   1   0   1   1   1   0   1   2  23
17  11   2   2   4   0   4  26   7   0   1   4   0  51  18   2   2   3   0  61  11   1   1   1   0   1   3   3   1   3   3   1   2   1  52
15  11   2   1   3   5   3  29  12   2   2   3   6  53  17   3   2   2   5  44   0   0   1   0   3   3   0   0   0   0   0   2   0   0  37
12   9   1   1   3   2   3  25  10   2   1   3   3  44  15   1   1   2   0  51   8   2   3   1   0   1   0   0   3   0   3   2   1   0  43
10   8   0   0   5   2   5  27  13   2   1   5   0  58  22   3   2   3   0  65   8   0   1   1   0   0   2   1   3   3   1   0   2   1  55
14  10   1   3   4   3   5  27  10   1   0   4   4  45  14   3   1   2   0  51   7   0   1   1   0   2   0   0   3   1   0   1   0   2  44
11   9   2   3   3   1   4  20   7   1   2   2   0  35  12   3   2   1   0  26   0   1   1   0   0   2   3   3   2   3   0   0   2   2  22
15  10   1   1   3   7   4  26   9   2   2   3   2  45  14   1   2   2   0  48   7   0   2   1   1   3   2   0   3   2   0   1   1   1  41
15  10   1   3   7   3   7  32  13   2   2   7   2  56  19   1   3   5   0  69  12   0   3   2   0   2   1   0   2   3   3   0   0   1  59
9   7   0   1   4   6   5  25  12   2   0   4   0  49  18   2   1   2   0  54   9   0   3   1   0   1   3   1   2   1   3   2   2   2  46
14   9   1   3   5   4   6  24   9   2   1   4   6  44  16   2   2   3   4  51   9   1   2   1   0   2   0   2   2   3   3   0   1   2  43
10   8   1   2   7   2   6  30  14   3   2   7   0  62  22   2   2   4   0  63   7   1   1   1   0   3   1   1   3   2   1   2   2   0  53
9   7   1   2   4   1   4  20   9   1   0   4   0  45  19   1   1   3   0  51   8   1   1   1   0   1   3   1   3   0   0   2   1   0  44
12   9   1   1   5   5   6  29  13   1   1   6   0  53  18   2   1   4   0  62  10   1   2   1   0   0   3   0   1   0   1   0   0   0  53
7   7   1   1   3   5   4  17   9   2   1   3   1  44  20   2   2   3   0  54  10   1   1   1   0   0   3   1   2   2   0   0   2   1  46
14  11   1   1   6   4   6  35  14   3   1   6   2  58  17   1   3   4   0  77  16   1   1   2   0   2   1   1   1   3   1   1   2   2  65
15  12   1   1   7   3   7  30  11   1   1   6   0  58  19   2   2   5   0  77  16   1   1   2   0   0   1   1   0   1   3   1   1   2  65
18  12   2   1   6   3   6  34  13   2   2   6   0  56  17   2   1   4   0  73  15   1   2   2   0   0   2   3   3   1   0   0   0   2  62
12  10   1   1   7   3   6  27  11   2   2   7   0  52  18   2   1   5   0  55   7   0   1   1   0   2   3   3   2   1   3   0   1   0  47
10   8   1   1   3   4   3  21   9   2   3   3   0  41  15   1   1   2   0  50  10   0   1   1   0   2   3   2   2   1   2   0   0   2  42
15  10   1   3   6   3   6  30  11   1   1   4   7  23   0   2   2   0   8  18   0   1   3   0   4   2   0   1   0   2   1   0   2   0  15
14  11   1   2   6   1   6  37  16   3   1   5   0  58  17   2   2   4   0  64   9   1   3   1   0   0   2   1   3   1   0   0   2   1  54
9   8   1   3   5   1   4  22  10   1   2   6   2  51  20   3   2   4   0  63  11   2   2   1   0   2   0   3   1   3   2   0   2   2  54
9   7   0   3   7   4   6  23  11   2   2   4   7  46  17   3   2   3   2  60  12   1   1   1   1   3   0   1   1   1   0   2   2   1  51
15  10   1   2   4   2   3  22   7   1   1   3   0  41  16   1   1   3   0  47   8   1   1   1   0   3   3   3   0   3   2   2   2   1  40
13  10   2   3   4   1   4  29  13   2   1   5   0  50  15   1   2   3   0  59   9   0   2   1   0   0   3   0   1   1   2   0   0   1  50
15  11   1   1   5   0   5  29  11   1   1   5   0  54  18   2   2   4   0  61   8   1   2   1   0   0   1   3   3   0   3   0   2   1  52
15  11   2   1   4   7   6  25   9   1   1   3   6  39  12   1   2   1   8  32   0   1   2   0   2   3   1   2   0   3   3   2   1   2  27
11   9   1   3   4   5   4  20   8   2   2   3   0  42  16   2   1   2   0  45   7   0   2   1   0   2   3   1   2   1   1   0   0   2  38
11   9   0   1   3   7   6  20   8   1   1   2   2  29   8   2   2   1   0  22   0   0   3   0   1   1   2   3   3   2   0   2   1   1  19
6   6   0   1   4   4   3  26  14   3   1   4   1  48  16   1   2   3   0  59  10   1   2   1   0   2   2   1   2   3   3   1   2   1  50
13  10   1   1   4   7   6  22   8   0   2   4   2  44  17   3   1   2   0  47   7   1   1   1   0   0   2   3   1   1   2   0   2   2  40
22  15   3   1   4   0   4  34  10   1   0   4   0  55  15   1   3   3   0  65  11   0   1   1   0   2   0   1   3   3   0   1   2   1  55
15  11   1   1   6   5   6  28  10   1   2   6   0  53  18   1   3   4   0  60  10   0   2   2   0   2   1   0   3   2   2   0   1   1  51
17  12   2   0   6   0   6  26   9   0   1   5   0  52  18   1   2   4   0  62  11   0   2   1   0   0   0   1   1   1   3   0   2   2  53
15  11   3   1   5   2   6  23   7   0   1   5   0  42  15   1   2   3   0  50   9   0   3   1   0   1   0   3   3   3   0   2   2   1  43
6   5   2   1   1   8   4  10   5   1   3   1   5  11   3   2   3   0   6   6   0   0   2   0   3   2   2   2   0   2   1   0   1   0   5
16  11   2   3   3   5   3  26   8   1   1   3   4  43  13   1   2   2   0  49   8   2   2   1   0   3   1   3   1   2   2   2   1   1  41
12   9   1   0   4   7   6  22  10   2   2   4   2  50  19   2   2   3   0  61  10   1   2   1   0   0   2   3   2   2   1   0   2   0  52
8   7   1   3   5   4   5  21  10   1   0   6   0  42  16   1   2   3   0  48   7   0   1   1   0   2   2   1   1   3   0   0   1   2  41
18  12   2   1   7   0   6  40  15   2   1   7   0  67  19   1   2   5   0  74  11   1   3   2   0   3   3   1   3   2   0   0   1   0  63
19  13   2   2   6   4   6  31  11   1   0   6   1  54  17   2   2   4   0  59   7   0   3   1   0   2   3   1   2   1   1   0   2   1  50
14  10   1   1   6   5   6  32  13   1   1   6   0  54  17   2   3   4   0  58   7   1   1   1   0   2   3   2   1   2   3   0   0   1  49
9   7   1   3   4   6   6  16   7   1   2   3   0  38  16   1   1   2   0  53  13   1   2   1   0   3   3   3   2   3   2   2   1   2  45
9   8   1   2   4   0   5  21  10   2   1   3   0  42  15   3   3   2   0  49   9   1   2   1   0   2   0   1   2   3   3   0   1   2  41
8   6   1   1   1   8   3  11   5   1   2   1   5  21   8   1   1   1   1  16   0   1   3   0   0   1   1   0   1   1   2   2   1   1  14
15  11   2   1   3   1   3  28   9   1   0   3   1  50  16   1   2   2   2  54   6   0   2   1   0   3   0   1   0   0   2   2   2   0  46
16  12   2   2   6   4   6  28  10   2   3   6   0  50  17   1   2   3   0  53   6   0   2   1   0   0   1   3   1   3   3   0   1   2  45
12  10   2   1   5   5   6  28  12   2   1   5   2  51  17   2   2   3   0  57   7   1   2   1   0   0   3   1   3   3   1   0   1   1  48
18  12   2   3   4   0   4  31  11   2   3   3   0  51  15   3   3   2   0  55   7   1   2   1   0   2   3   2   2   3   2   0   1   2  47
10  8  1  1  2  7  4  5  0  1  1  0  8  4  1  1  3  0  5  0  0  0  3  0  4  2  0  1  1  2  0  0  2  1  0
14  11   1   0   7   2   6  33  14   2   2   7   0  54  17   2   2   4   0  64  10   1   2   1   0   1   1   1   3   2   2   2   1   0  54
15  11   1   2   6   5   7  32  12   2   2   5   0  60  21   2   1   4   0  64   9   0   1   1   0   1   1   3   2   1   3   2   1   0  55
10   8   1   1   4   7   6  20   9   2   0   3   4  34  12   1   2   2   0  39   8   0   3   1   0   1   0   1   3   3   1   1   1   2  33
13  10   2   3   5   3   4  22   8   0   1   5   0  43  15   1   2   4   0  45   7   0   2   1   0   3   3   2   1   3   0   1   0   1  38
16  12   1   1   5   3   5  33  14   2   1   5   0  53  16   1   2   4   0  55   7   2   2   1   0   0   3   3   1   2   2   1   2   0  47
10   7   0   3   6   5   6  21   9   1   3   5   0  36  13   1   3   3   0  43   8   2   3   1   0   2   3   3   2   3   0   0   1   2  37
17  12   2   1   7   3   7  38  16   3   1   7   0  62  19   1   2   5   0  72  13   1   1   2   0   0   3   2   0   1   2   0   0   2  62
16  12   2   1   4   5   4  27  10   2   1   3   0  44  14   2   2   2   0  52  10   1   1   1   0   0   1   3   1   2   0   0   2   0  44
9   8   1   2   4   4   4  25  11   2   0   4   0  44  15   1   1   3   0  51   8   0   2   1   0   2   3   1   1   1   1   0   1   1  43
21  14   2   1   5   2   4  34  11   2   2   5   0  58  19   1   2   4   0  66  11   0   1   2   0   3   1   3   1   3   2   0   2   2  56
14  11   2   2   4   6   5  28  11   2   0   4   2  47  14   1   3   2   0  53   7   1   2   1   0   3   2   0   1   3   2   2   1   0  45
13   9   1   1   5   5   5  25  10   1   1   5   1  52  20   2   1   3   0  60   9   0   1   1   0   0   1   1   1   1   3   0   1   2  51
18  12   2   2   6   3   6  27   9   1   3   6   4  47  15   2   2   2   7  52   8   0   2   1   3   1   0   3   0   3   1   1   2   2  44
13  10   1   1   5   6   7  28  11   2   1   5   0  55  20   3   2   4   0  68  12   1   3   1   0   2   2   2   3   3   2   0   0   2  58
14  10   1   2   5   2   6  26   9   1   1   5   0  42  13   1   3   3   0  54  11   0   2   1   0   1   3   2   3   2   2   1   1   1  46
11   8   1   0   3   6   3  20   9   1   3   3   0  40  14   2   2   2   0  51  10   1   3   1   0   0   3   3   2   2   1   0   2   0  44
10   8   0   2   5   6   6  22  10   1   1   5   1  44  17   2   2   4   0  47   7   1   3   1   0   2   3   3   2   3   2   0   2   1  40
17  12   2   2   7   0   7  31  12   2   1   7   0  69  26   3   1   5   0  82  13   1   2   2   0   2   2   1   0   1   3   0   2   2  70
7   7   0   0   3   3   3  18   9   2   2   3   0  35  13   3   2   2   0  46  10   0   2   1   0   2   2   3   2   0   3   0   2   1  39
13  10   1   3   6   4   6  32  13   2   1   5   4  53  16   2   1   3   5  59   9   1   2   1   0   3   1   1   0   0   1   1   1   0  50
14  10   1   1   3   5   4  28  11   2   2   3   0  46  15   1   3   3   0  53  10   1   3   1   0   2   3   3   1   2   2   0   1   1  45
21  14   2   2   7   2   6  34  11   1   2   6   0  57  17   0   2   4   0  62   9   0   2   1   0   1   2   0   0   2   3   2   0   0  52
7   6   0   1   6   1   6  23  12   2   1   5   0  52  20   2   1   4   0  59   9   1   2   1   0   3   2   1   3   3   3   2   2   1  50
13   9   0   2   4   7   5  21   7   1   3   3   4  38  13   1   2   2   0  46   9   2   2   1   0   0   3   3   2   3   2   0   2   1  39
17  12   1   0   5   4   4  25   9   1   1   5   0  41  13   1   3   3   0  49   9   1   3   1   0   1   3   1   3   2   1   1   2   0  41
6   6   1   3   3   7   6  14   8   2   2   2   7  25  10   3   2   1   4  21   1   1   2   0   0   2   0   3   1   3   2   0   1   2  18
9   7   0   1   6   3   6  22  10   1   1   6   0  42  16   1   2   4   0  50   9   2   2   1   0   2   3   2   3   3   3   1   1   2  42
11   8   1   3   4   7   6  30  14   3   0   4   1  52  17   2   2   2   0  57   9   0   2   1   0   2   3   0   3   1   1   0   0   2  48
18  12   1   1   6   1   6  29  10   1   1   6   0  53  18   2   2   4   0  62  10   1   1   1   0   1   3   3   2   3   2   2   2   1  52
12  10   1   0   4   6   4  24   9   1   2   4   2  45  16   1   3   3   0  47   7   1   3   1   0   1   1   3   1   3   0   0   2   2  40
13   9   1   1   5   2   5  26  10   1   0   4   0  46  14   1   3   3   0  53  10   1   1   1   0   3   1   1   1   2   2   2   2   1  45
19  13   3   3   4   3   4  34  12   1   0   4   5  51  14   2   2   2   6  61  10   1   1   1   3   2   0   1   0   2   2   0   2   0  52
13  10   1   1   6   1   6  27  10   2   2   6   1  54  19   1   1   4   2  55   6   0   2   1   0   0   0   3   0   1   2   0   1   1  46
17  13   2   1   4   1   4  34  12   2   1   4   0  58  18   2   1   3   0  63   9   0   1   1   0   1   3   1   1   1   0   2   1   2  54
8   7   1   3   5   4   6  25  12   2   1   4   0  44  14   1   2   3   0  53   9   0   1   1   0   2   1   0   3   1   3   0   1   1  45
19  12   1   0   6   1   6  36  13   2   2   7   0  57  16   1   3   5   0  65  10   0   3   2   0   0   3   1   3   1   0   0   1   1  55
13   9   1   3   4   2   4  30  12   2   2   4   0  52  16   2   1   2   0  57   7   0   1   1   1   2   1   1   3   3   0   1   2   1  49
16  12   3   1   4   7   6  30  11   2   1   4   4  58  21   2   1   3   1  65   8   1   1   1   3   2   1   3   1   3   0   1   1   1  55
18  13   2   1   6   5   6  31  11   2   2   5   2  63  23   2   1   4   0  66   7   0   3   1   0   3   3   3   3   0   1   2   1   1  56
12   9   1   1   6   1   6  28  11   1   0   5   1  49  16   2   3   3   0  56   9   1   3   1   0   0   0   1   3   2   2   0   1   0  48
14  10   1   1   5   0   6  30  12   2   1   5   0  60  22   2   2   4   0  61   7   0   3   1   0   0   2   1   0   1   2   0   2   2  52
6   5   1   1   1   8   6  10   5   1   2   1   3  18   8   1   1   1   0  19   3   0   2   0   0   0   2   1   3   1   3   0   1   2  16
7   6   0   1   3   7   4  10   4   2   1   0   8  10   2   2   2   0   8  14   5   2   2   0   7   3   0   3   0   1   1   2   1   2  12
15  11   2   1   4   7   6  27  10   2   2   3   7  44  13   1   2   2   6  54  11   2   1   1   1   1   0   0   0   3   3   2   1   2  46
9   8   0   1   6   1   6  22   9   1   1   6   2  54  22   2   2   4   2  64  11   1   1   1   2   1   0   3   1   1   0   2   1   2  54
13   9   1   3   5   3   5  28  12   3   1   5   0  51  16   1   3   3   0  55   8   0   2   1   0   3   3   3   0   3   2   2   2   0  47
12   9   1   0   3   7   5  23   9   1   3   3   3  44  16   1   2   2   1  51   9   0   3   1   0   0   2   3   1   2   1   0   1   0  43
27  18   3   0   5   1   5  40  11   2   1   4   0  66  20   3   1   3   0  70   7   1   2   1   0   1   2   3   1   2   2   1   1   1  59
13   9   1   1   3   7   3  23   9   2   1   3   1  48  18   3   1   2   1  53   8   0   3   1   3   0   3   0   0   3   0   0   0   1  45
16  11   1   3   5   7   6  27   9   1   0   5   1  45  14   1   1   3   0  55  11   2   1   1   0   2   2   0   3   3   0   1   1   2  47
10   8   0   1   4   7   6  20   8   1   2   4   3  42  16   1   1   3   1  50  10   1   1   1   0   2   1   2   1   3   3   1   1   2  42
21  15   2   0   6   0   6  40  15   3   1   6   0  71  23   3   1   4   0  81  13   0   2   2   0   0   0   3   0   3   3   0   1   0  69
21  15   3   1   7   3   7  39  14   2   0   7   0  63  19   1   2   4   0  66   7   2   3   1   0   1   2   0   3   0   1   0   0   1  56
13   9   1   2   6   3   6  25  11   2   1   6   1  51  18   2   1   4   2  60  10   1   3   1   0   3   3   3   0   1   3   2   1   1  51
10   8   1   2   3   5   3  19   8   2   1   2   7  26   7   1   1   1   2  20   0   0   3   0   0   3   0   1   3   2   2   1   1   0  17
21  14   2   0   6   3   6  33  10   1   2   5   0  63  22   2   1   3   0  71  11   2   1   1   0   1   2   3   3   2   2   1   2   1  60
21  14   3   3   6   1   5  40  14   2   0   6   0  63  18   1   2   4   0  65   7   1   1   1   0   3   3   1   3   3   2   2   2   2  55
16  11   2   3   6   3   6  30  11   1   1   6   6  60  21   2   3   5   3  65   8   0   1   1   2   3   0   3   2   3   3   2   0   2  55
16  12   2   1   4   6   5  26   9   1   1   4   4  40  13   0   2   3   2  48   9   1   2   1   0   1   3   2   1   3   3   2   1   0  41
18  13   3   1   7   2   6  34  11   1   2   6   0  52  15   1   2   4   0  59  10   2   1   1   0   0   1   1   3   1   1   0   1   1  50
16  12   2   2   6   2   7  31  11   2   2   7   0  55  18   1   2   5   0  59   7   1   3   1   0   2   2   1   1   2   1   0   2   1  50
20  14   3   1   6   2   6  34  12   1   0   7   0  63  21   2   3   5   0  68   8   0   1   1   0   0   2   1   1   2   3   0   2   0  58
7   7   0   1   7   3   7  23  12   2   2   7   2  49  18   1   1   5   0  77  20   2   1   2   0   1   0   1   1   0   3   2   2   1  65
8   6   0   0   5   3   5  17   9   1   2   4   0  37  14   1   2   2   0  46   9   1   2   1   0   0   3   1   3   2   1   0   1   0  39
17  11   1   1   6   3   6  28  10   2   1   6   5  54  19   2   2   4   1  55   7   0   2   1   0   3   0   3   3   0   0   2   1   0  47
2  3  0  1  1  8  6  0  0  1  1  0  6  0  0  2  2  0  1  1  4  2  1  0  3  0  1  0  2  3  0  0  0  2  1
15  10   2   1   4   4   4  32  13   2   0   4   1  53  16   2   3   3   1  64  12   1   2   1   0   1   3   1   0   0   0   1   1   0  54
15  11   1   2   4   6   6  31  13   2   0   4   4  52  16   2   2   3   4  65  12   1   1   1   4   1   2   1   0   0   0   1   2   0  55
12   9   0   1   6   3   6  25  11   1   1   6   0  53  20   1   1   4   0  57   7   1   1   1   0   1   3   3   3   1   2   2   2   2  49
17  12   3   2   5   1   5  29  10   2   2   4   0  48  14   2   2   2   0  57   9   1   2   1   0   3   3   2   1   3   1   2   0   2  49
18  12   2   2   4   2   4  29  10   2   0   3   0  45  13   2   2   2   0  53   8   0   3   1   0   1   3   0   3   2   3   2   0   0  45
8   7   0   1   6   2   6  20  10   1   2   6   0  48  20   3   2   4   0  56  10   1   2   1   0   0   2   1   0   2   1   0   1   0  47
14  10   1   1   4   0   4  30  12   2   1   4   0  52  18   1   3   3   0  57   7   1   2   1   0   0   0   0   3   3   2   0   1   1  48
4   5   1   1   1   8   6  10   5   1   2   1   4  24  11   1   1   1   0  18   0   1   3   0   0   1   2   0   1   3   3   2   0   2  16
16  11   2   1   5   3   5  27  10   1   1   5   0  51  18   2   1   4   0  61  10   0   3   2   0   1   3   1   0   1   2   1   2   2  52
14  10   2   2   5   0   5  26  10   2   1   5   0  45  16   1   2   4   0  54  10   0   2   1   0   1   0   1   3   1   0   2   2   1  46
11   8   0   1   7   0   7  23   9   1   3   6   0  48  17   1   2   4   0  62  13   1   2   1   0   3   3   3   3   0   3   0   2   0  52
17  13   2   1   4   5   4  29  10   2   2   4   0  46  13   1   3   3   0  53   9   1   1   1   0   0   1   0   3   3   1   0   0   2  45
11   9   0   0   6   4   7  27  12   2   1   5   1  48  16   2   2   4   0  56   9   1   2   1   0   3   1   1   3   3   2   1   2   1  47
15  10   2   2   4   2   5  33  12   1   0   4   0  54  17   2   2   3   0  60   9   1   1   1   0   0   2   1   3   3   0   0   2   0  51
18  13   2   0   5   6   6  32  11   2   1   4   6  59  21   3   2   3   1  58   6   0   2   1   0   1   0   0   3   1   1   2   0   1  49
13   9   1   1   4   3   5  26  11   2   2   4   0  43  14   1   2   3   0  52  10   0   2   1   0   3   1   3   1   3   2   2   2   1  44
20  14   2   0   4   4   5  34  12   2   3   4   0  47  11   2   3   2   2  49   7   0   3   1   6   0   3   3   0   2   0   0   2   1  42
6   6   0   1   6   5   6  20  10   1   1   6   5  46  18   0   2   5   2  58  12   1   2   2   0   1   0   2   2   2   2   1   1   0  49
14  11   2   1   3   7   5  23   8   1   1   3   0  39  13   2   2   2   0  33   0   0   1   0   0   0   3   0   3   3   0   0   1   2  28
17  12   2   1   5   5   5  33  12   2   2   5   0  57  18   1   2   4   0  63   9   0   2   1   0   1   1   1   2   2   0   1   2   0  54
12   9   1   1   3   5   4  24   9   1   1   3   2  41  13   2   2   2   0  41   6   0   2   1   0   1   3   0   1   3   1   2   0   2  35
11   8   1   2   4   7   7  19   7   0   0   4   6  40  17   2   2   3   4  50   9   1   2   1   1   1   0   0   1   1   2   2   1   1  43
21  14   2   0   6   5   5  38  13   2   1   5   0  65  20   2   1   3   0  66   6   0   2   1   0   0   2   3   3   0   2   0   1   0  56
13   9   2   1   2   7   3  25   9   2   1   2   3  37  11   2   2   1   0  36   3   1   3   0   0   3   2   2   3   2   0   0   0   0  31
18  12   3   1   4   7   6  32  10   2   2   4   3  47  12   2   1   2   0  52   9   1   2   1   0   3   2   1   1   2   2   2   2   1  45
20  14   3   1   6   0   6  35  11   2   1   6   0  56  17   1   3   4   0  64  11   1   3   1   0   2   2   3   2   1   3   0   1   2  54
24  16   3   0   4   6   5  38  11   2   1   3   0  54  13   1   2   2   0  57   8   2   1   1   0   1   3   2   1   0   3   2   0   0  48
19  13   2   1   6   6   7  42  16   3   0   5   0  63  17   2   1   4   0  70  10   1   1   1   0   2   3   0   0   1   1   0   0   2  60
16  11   2   1   5   7   6  30  11   2   0   5   2  52  17   2   2   4   2  56   8   1   2   1   0   3   3   1   0   3   2   1   0   2  48
16  12   1   1   7   0   7  25   9   1   1   7   2  52  20   2   2   5   0  62  10   0   3   1   0   3   0   1   1   3   1   2   1   1  53
9   8   1   1   3   7   6  26  12   2   0   3   1  48  17   2   2   2   1  51   7   1   1   1   0   0   2   1   0   2   3   0   2   0  43
12   9   2   1   2   8   6  21   9   1   0   2   4  27   8   2   1   1   0  23   2   1   3   0   0   3   2   0   2   1   0   2   1   1  20
15  11   1   1   6   0   7  30  12   2   0   6   0  63  23   2   1   5   0  77  14   1   2   2   0   3   1   0   0   2   0   2   0   1  65
13  10   0   0   7   1   6  26  11   2   3   7   0  57  21   2   2   5   0  58   7   1   2   1   0   2   3   3   1   0   1   0   2   0  50
15  11   2   0   4   1   4  24   9   1   0   4   0  45  15   2   2   3   0  53  10   1   3   1   0   0   3   1   3   1   2   0   1   2  45
12   9   1   2   5   0   5  23  10   2   2   6   0  44  16   1   2   4   0  59  13   1   1   1   0   3   1   2   0   3   1   1   0   2  50
8   7   0   1   3   4   4  22  10   2   3   3   0  39  13   3   3   2   0  43   7   0   2   1   0   0   2   3   3   2   1   0   1   0  36
7   6   0   3   3   5   4  18   9   2   2   3   0  36  13   1   3   2   0  27   0   2   2   0   0   3   3   1   2   2   3   1   1   0  23
18  13   2   1   6   0   7  35  13   2   2   5   0  57  17   2   2   3   0  59   8   0   2   1   0   3   1   2   0   3   3   1   1   1  50
15  11   1   2   5   7   7  32  12   2   1   5   4  50  14   1   3   3   0  54   8   1   2   1   0   2   2   3   2   2   1   0   2   0  46
20  14   2   1   5   2   5  29   9   1   1   5   0  50  17   1   2   4   0  54   8   1   2   1   0   2   2   3   0   1   0   0   2   1  46
16  11   1   1   5   6   6  39  15   3   1   5   3  64  19   1   2   4   0  66   7   1   2   1   0   3   2   3   3   0   3   1   1   0  56
12  10   1   2   7   0   7  30  13   2   2   6   0  56  19   2   1   4   0  67  11   1   2   1   0   3   2   1   0   0   3   0   2   1  57
20  14   3   3   6   2   6  31  10   1   2   7   0  51  16   1   2   4   0  59  10   0   2   1   0   3   3   3   0   3   0   2   1   1  50
0  1  1  1  0  8  6  0  0  2  0  0  8  0  0  2  2  0  6  0  1  1  1  0  2  0  0  0  2  2  1  0  0  0  0
13  10   1   3   5   3   4  28  12   2   1   5   0  46  14   0   2   4   0  54   9   0   1   1   2   3   3   1   2   3   0   2   1   1  46
14  10   1   1   5   5   5  31  12   2   1   4   5  49  16   1   1   3   1  53   8   0   1   1   2   1   0   0   2   1   0   0   1   2  45
14  10   1   1   5   4   5  27  10   1   1   5   4  50  17   2   2   3   0  59  10   0   3   1   0   0   0   2   3   0   3   0   0   0  50
10   8   0   1   3   3   3  26  11   2   2   3   5  40  13   2   2   2   3  45   8   1   1   1   0   2   0   3   2   1   3   0   2   2  38
12   9   1   1   6   0   6  24  10   1   3   7   0  49  18   1   3   5   0  65  14   1   2   2   0   3   1   3   1   1   3   2   2   2  55
13  10   1   1   6   4   6  27  11   1   1   6   4  50  18   1   3   5   4  63  12   1   1   2   1   0   0   0   0   3   1   0   0   2  53
6   6   0   0   5   3   5  22  11   2   1   6   0  51  20   2   1   3   0  52   6   1   3   1   0   1   3   1   2   1   3   1   1   2  44
17  12   2   1   4   1   4  29  10   2   2   5   0  50  17   1   2   3   0  58   9   1   2   1   0   1   3   3   1   1   2   2   2   1  49
11   8   1   1   5   5   5  27  12   1   1   5   1  46  16   1   1   4   0  50   7   0   2   1   0   1   2   1   1   3   0   2   1   2  42
0  0  1  2  0  8  6  0  2  1  2  0  4  0  0  2  2  0  0  0  2  0  2  0  0  2  2  0  3  0  1  1  0  1  0
7   7   0   1   7   1   6  18  10   1   2   7   0  44  19   1   1   5   0  56  13   2   1   2   0   0   1   0   2   1   3   0   1   0  47
14  10   1   3   5   3   4  30  12   2   1   4   0  47  14   1   1   3   0  48   6   0   1   1   0   1   3   2   0   0   3   1   1   0  41
15  11   1   1   4   3   4  28  10   1   1   4   0  50  17   2   1   3   0  57   9   1   2   1   0   3   3   0   1   1   3   1   1   1  48
16  11   2   2   5   3   6  28  10   1   3   5   3  51  18   2   3   4   0  51   6   0   2   1   0   0   0   1   2   2   2   0   2   0  44
0  2  1  1  0  8  5  0  0  2  0  0  1  0  2  1  1  0  0  0  0  0  1  0  0  0  3  1  1  1  2  0  1  2  0
14  10   2   1   3   7   4  25   9   1   2   3   4  40  13   1   2   2   2  45   8   1   2   1   2   1   2   3   1   1   0   2   2   1  38
8   7   1   2   2   8   4  12   5   2   0   1   8  14   4   1   3   0   8  16   4   0   2   0   3   2   0   1   0   2   1   0   2   1  13
19  13   2   1   5   5   6  33  11   1   1   5   0  59  19   3   2   3   0  67   9   0   2   1   0   1   1   3   2   0   2   2   2   0  57
8   6   1   1   1   7   3  17   7   1   0   1   3  28  10   1   3   1   2  20   0   1   2   0   0   1   2   0   0   3   2   1   0   2  17
17  12   2   1   6   0   6  32  12   2   1   5   0  55  18   1   2   3   0  58   7   0   2   1   0   2   3   3   2   0   2   0   2   1  49
15  11   1   1   7   1   6  31  12   1   1   7   0  58  19   3   2   5   0  69  13   1   2   2   0   2   2   1   1   1   1   0   1   1  59
14  10   1   1   5   4   5  29  12   2   1   5   0  58  20   2   2   3   0  66   9   1   3   1   0   1   3   3   1   3   3   1   1   2  56
12   9   1   1   5   1   5  28  12   2   1   6   0  56  20   1   2   5   0  68  12   1   2   2   0   3   3   3   3   1   2   2   1   1  58
12   9   1   0   2   6   4  21   8   2   1   2   2  42  15   2   1   2   0  48   8   1   2   1   0   0   2   0   3   2   3   0   0   1  41
11   8   1   1   4   0   3  26  10   2   2   3   0  45  14   1   3   2   0  49   7   0   2   1   0   3   1   2   0   2   0   2   0   1  42
13  10   1   1   4   5   4  29  12   2   0   4   6  51  16   3   2   2   7  46   2   1   2   0   8   2   0   1   0   3   0   1   2   2  39
13   9   1   0   4   7   5  28  12   2   2   4   3  46  15   2   1   3   5  52   9   1   2   1   4   1   2   2   0   0   0   2   0   0  44
14  10   2   3   3   4   3  25   9   2   0   3   0  46  15   2   2   2   0  56  11   1   2   1   0   3   3   1   1   3   3   2   2   2  48
14  10   1   1   7   0   7  26  10   1   2   7   0  49  18   1   2   4   0  57   9   0   3   1   0   3   3   1   3   0   3   0   1   0  49
22  14   2   0   6   6   7  32  10   2   3   6   2  56  18   2   1   4   0  68  12   2   1   1   0   1   3   3   3   3   0   2   1   2  57
8   8   1   2   3   6   4  20   9   2   2   3   3  33  11   1   2   2   3  41   9   0   2   1   0   3   1   0   0   1   3   1   0   2  35
19  13   1   1   6   1   6  34  12   2   2   6   0  56  16   1   1   5   0  69  12   0   3   2   0   3   3   0   3   1   3   1   0   1  59
17  12   2   1   4   3   4  33  11   2   2   4   0  51  15   2   1   2   0  55   7   2   1   0   0   0   1   1   1   0   3   0   2   0  47
0  0  1  1  0  8  6  0  0  0  1  0  3  1  4  3  2  0  0  3  4  0  1  0  0  1  2  0  2  2  1  1  1  0  3
12   9   1   3   4   7   6  25  11   1   0   4   3  43  14   2   3   2   0  51  10   2   3   1   0   3   1   1   3   3   3   0   1   2  44
12   9   1   1   4   0   4  24   9   1   2   4   0  44  16   3   3   3   0  53   9   0   2   1   0   0   2   0   1   3   2   1   1   1  45
12   9   1   1   6   4   6  28  12   1   1   7   0  55  19   2   3   4   0  69  13   2   2   1   0   0   3   1   2   2   2   1   1   0  59
2   3   0   1   1   8   7   7   4   2   3   1   4  21  10   1   3   1   1  16   0   1   2   0   0   2   1   3   1   2   3   0   2   0  13
17  11   2   1   3   7   6  26   8   1   0   2   1  35   9   1   2   1   2  35   4   0   1   0   0   0   3   1   0   2   3   1   1   0  29
14  10   1   2   3   4   3  24   8   1   1   3   0  38  12   1   2   2   0  47   9   1   2   1   0   3   3   2   0   3   0   1   1   2  40
19  13   2   1   3   2   4  27   7   1   2   2   4  47  15   2   2   2   1  51   8   0   2   1   0   3   0   2   3   1   1   2   0   2  43
16  11   1   1   5   6   5  26   9   1   2   4   7  48  17   1   1   3   3  53   8   0   3   1   0   0   0   0   1   2   1   1   1   0  45
14  10   1   1   4   2   4  20   7   1   3   4   0  42  16   1   2   3   0  47   9   1   3   1   0   0   1   2   2   3   2   0   0   2  40
10   8   1   3   4   6   5  19   7   1   1   2   7  22   5   1   3   0   8  15   0   1   1   0   8   3   0   1   0   3   0   2   2   2  13
17  13   2   1   5   7   6  36  13   2   0   5   4  59  17   2   1   3   0  63   8   0   2   1   0   1   1   0   2   1   2   1   0   1  53
13  10   1   2   6   2   6  27  10   1   2   5   0  46  14   0   1   3   0  50   7   0   2   1   0   2   2   1   2   0   1   0   2   0  42
12   9   1   2   6   2   7  29  12   1   0   7   4  48  15   1   1   2   8  54   8   0   3   1   6   2   0   3   0   2   3   0   2   0  46
12   9   2   1   3   1   3  25  10   2   1   3   0  42  14   1   1   3   0  44   5   0   3   1   0   0   3   2   0   3   0   1   1   1  38
15  11   2   1   6   0   6  32  13   2   1   5   0  55  17   1   2   4   0  62  10   0   3   1   0   0   0   1   1   3   1   0   2   2  52
16  11   3   2   3   6   3  34  13   3   1   3   1  50  13   1   2   2   0  44   1   1   1   0   0   0   2   3   2   3   0   1   1   2  38
10   8   1   0   3   5   3  15   6   1   3   2   4  27  10   1   1   1   0  34   9   0   1   1   0   0   0   3   3   1   2   0   2   1  29
14  10   1   0   5   5   6  30  12   2   2   6   0  50  15   0   2   3   2  62  12   1   1   1   0   1   3   3   0   1   2   0   1   2  53
17  12   2   1   4   1   4  27   9   1   2   4   0  43  14   1   1   3   0  48   7   0   2   1   0   1   1   0   3   1   2   2   1   2  41
7   7   0   2   4   6   5  20  10   1   0   4   4  41  15   1   1   3   4  45   6   0   3   1   0   2   1   1   0   0   3   0   2   1  38
12  10   1   2   6   4   5  23   9   1   1   6   2  49  19   2   1   4   1  58  10   0   2   1   0   3   2   0   0   0   2   1   0   0  49
16  11   2   1   6   0   6  36  14   2   2   6   0  57  18   2   2   4   0  58   7   1   2   1   0   3   2   2   0   0   3   2   0   0  49
11   8   1   1   3   7   6  18   7   2   1   2   3  25   7   1   1   1   5  17   0   0   2   0   3   1   1   1   0   0   0   2   2   0  14
15  11   2   0   5   5   6  28  10   1   3   5   0  51  18   1   3   4   0  51   5   0   1   1   0   1   2   2   3   2   0   2   1   0  44
7   7   0   2   4   6   5  23  11   2   0   4   0  42  15   1   2   3   0  57  12   1   1   1   0   1   3   1   1   2   0   2   1   0  49
11   8   1   3   3   7   6  15   4   2   2   0   8   9   0   1   1   0   6   4   0   0   2   0   0   3   0   2   2   0   3   1   0   1   3
18  14   2   1   6   4   6  30  10   1   1   5   0  57  19   2   1   3   0  63   9   0   2   1   0   1   3   0   3   2   2   1   0   0  54
9   7   0   1   6   6   7  32  16   3   1   6   3  62  22   3   2   4   5  70  11   1   1   1   2   3   1   3   0   3   3   0   2   2  59
6   6   2   1   1   8   6  14   7   1   0   1   4  25  10   2   2   1   1  20   0   1   3   0   2   1   1   1   2   2   0   1   2   0  17
9   8   0   2   6   0   6  23  10   1   1   5   0  46  17   2   1   3   0  52   9   0   2   1   0   1   2   2   1   1   0   2   0   2  44
10   7   0   3   5   5   5  15   6   0   0   5   0  43  19   1   2   4   0  46   7   1   2   1   0   3   3   1   0   0   3   2   2   0  39
13  10   2   2   5   0   6  27  11   2   3   5   0  51  18   1   3   3   2  58  10   0   1   1   0   3   0   3   0   3   3   0   0   2  50
12   9   1   3   6   0   6  24   9   1   1   5   0  44  15   1   2   4   0  47   7   1   3   1   0   2   1   2   0   2   0   0   0   0  40
17  12   2   2   5   6   6  30  10   3   1   2   7  43  11   1   2   1   3  44   5   0   1   0   6   1   0   1   3   2   0   2   1   0  38
0  1  1  0  0  8  7  0  0  1  2  0  5  0  0  1  3  0  7  0  0  1  3  0  3  0  0  2  0  3  2  0  0  2  0
23  15   3   3   5   2   5  38  12   2   1   5   0  68  22   2   1   4   0  69   7   1   1   1   0   3   2   0   3   1   3   2   0   2  59
15  11   1   1   7   0   6  35  14   2   1   7   0  66  22   2   2   5   0  68   6   0   1   1   1   3   2   3   2   3   0   2   1   2  58
17  12   2   2   6   3   6  31  11   2   3   5   1  58  20   2   1   4   0  60   8   0   1   1   0   2   1   2   1   1   2   0   0   2  51
14  10   1   0   6   4   6  26  10   1   1   6   0  49  18   2   3   4   0  53   8   0   2   1   0   2   1   2   3   3   2   1   0   2  45
18  13   3   1   6   2   6  32  11   2   1   6   0  56  18   1   2   4   0  56   5   0   2   1   0   1   0   0   0   3   0   2   0   2  48
10   8   1   3   4   5   4  21   9   1   0   4   0  39  15   1   2   3   0  48  10   1   1   1   0   3   2   1   3   2   2   0   1   0  41
11   8   0   1   4   4   4  18   7   1   3   3   0  34  12   1   2   2   0  44  10   0   1   1   0   2   1   3   1   2   1   0   1   0  38
9   7   2   1   2   7   4  10   3   1   3   1   7  18   8   2   3   1   4  13   0   0   1   0   0   3   1   3   3   2   2   2   2   0  11
13  10   2   1   5   6   7  13   2   2   0   0   8   8   0   1   2   0   4   2   0   0   1   0   0   3   0   1   1   1   2   2   1   1   2
18  13   3   2   7   2   7  32  11   1   1   6   0  64  22   3   1   3   0  67   8   0   3   1   0   1   1   2   1   1   1   2   1   2  57
15  11   2   1   5   2   5  33  14   2   1   5   0  62  22   2   2   4   0  61   5   0   2   1   0   3   2   3   2   1   3   1   1   1  52
16  11   2   2   6   4   6  26   8   1   3   6   2  52  18   2   2   4   0  53   6   0   1   1   0   3   1   3   2   3   2   2   1   1  45
16  12   2   0   4   3   3  22   7   1   2   3   0  41  14   3   2   2   0  50   9   2   2   1   0   0   1   1   2   2   2   0   1   0  42
15  10   2   1   3   5   3  26  10   2   1   3   1  45  14   1   2   2   0  48   6   0   1   1   0   0   2   1   1   3   1   0   2   1  41
14  11   1   2   5   2   6  26   9   1   2   4   2  51  18   2   1   3   0  57   7   1   3   1   0   1   0   0   1   0   1   2   1   1  48
19  13   2   1   4   1   5  34  11   2   1   4   2  56  16   2   2   3   0  65   9   1   1   1   0   1   0   3   3   1   0   2   2   1  55
12  10   1   1   3   4   3  19   8   2   1   2   2  26   9   1   2   1   0  29   5   1   2   0   0   3   3   3   3   0   3   2   1   0  25
12   8   1   1   5   4   5  28  11   2   1   5   0  48  15   2   3   3   0  53   8   0   3   1   0   1   1   2   3   3   0   1   0   1  45
12   9   2   1   3   6   4  23   9   2   0   3   1  42  15   2   2   2   0  44   6   1   1   0   0   2   2   1   0   2   3   0   1   0  37
11   9   1   3   4   6   5  26  11   2   1   4   5  43  13   2   1   2   1  54  12   1   2   1   0   3   1   3   1   2   1   1   1   1  46
9   7   0   0   4   3   4  22  10   2   1   4   3  44  17   1   2   3   0  53   9   1   2   1   0   1   0   2   3   2   1   1   0   0  45
17  12   1   0   5   3   5  34  13   3   1   5   0  57  17   1   3   3   0  63  10   2   3   1   1   1   1   3   1   3   0   2   2   1  53
11   9   1   2   6   3   6  24  11   1   2   6   3  48  17   1   2   4   0  50   7   0   2   1   0   1   0   1   2   2   1   2   2   0  42
17  11   2   1   6   4   6  27   9   1   1   6   3  55  20   2   2   4   0  63   9   0   1   1   0   0   0   3   2   0   2   0   2   0  53
7   7   0   1   4   2   4  12   6   0   1   3   0  37  16   2   2   2   0  31   1   0   3   0   0   2   2   1   0   1   1   0   2   2  26
17  12   2   0   4   7   6  29  10   2   0   3   1  48  15   2   1   2   0  51   7   2   3   1   0   1   3   0   3   0   1   1   1   0  43
10   7   2   1   2   8   5  25  12   3   1   2   3  31   6   2   1   1   0  24   0   1   3   0   0   1   2   0   2   1   2   2   1   2  20
10   7   0   1   7   1   6  30  15   3   3   6   3  59  20   2   2   4   0  64  10   0   1   1   0   3   0   2   2   0   2   2   0   0  55
12   9   2   1   3   7   6  20   8   1   2   2   3  34  13   2   2   1   6  37   5   2   1   0   0   2   1   3   0   0   2   0   1   0  32
18  12   1   3   6   1   7  31  11   1   1   7   0  54  18   1   2   6   0  67  13   1   3   2   0   3   3   3   2   3   2   2   1   2  57
15  11   1   0   6   6   6  30  12   2   1   5   1  56  19   2   2   4   1  61   8   0   3   1   0   1   2   0   0   1   1   2   0   1  52
11   9   1   2   5   1   5  23  10   2   2   4   0  39  13   1   2   2   0  47  10   0   2   1   2   1   3   3   1   3   0   2   2   2  40
14  11   2   1   5   6   5  24   9   2   2   4   0  45  15   1   2   3   0  53   9   1   2   1   0   0   3   3   2   3   2   0   1   0  45
15  11   1   0   4   4   4  29  11   2   1   4   0  48  15   1   3   2   0  53   7   1   2   1   0   0   2   1   1   1   1   0   2   2  45
14  10   1   0   4   2   4  28  11   2   2   4   2  51  17   3   2   3   1  59  10   1   1   1   1   0   0   1   1   2   0   0   2   0  50
11   9   0   0   4   3   5  23   9   1   2   4   4  44  15   2   2   3   0  50   8   0   2   1   0   0   0   1   1   0   3   0   1   0  43
15  12   2   1   6   5   7  34  13   2   2   7   0  59  19   2   2   6   0  68  10   0   3   2   0   1   2   1   0   1   1   2   0   2  58
8   7   1   1   4   7   6  19   9   1   1   4   3  42  17   1   2   3   0  44   5   0   2   1   0   1   3   2   3   0   1   2   0   0  38
9   7   0   1   3   7   4  20   9   2   2   3   0  36  13   1   2   2   0  45  10   1   1   1   0   0   3   3   2   1   3   1   1   2  38
10   8   1   2   2   8   7  24  11   2   1   2   0  40  13   2   3   1   0  41   5   0   2   0   0   2   3   1   1   3   2   0   1   2  35
9   7   1   3   2   8   6  16   7   1   2   2   2  21   6   1   2   1   0  15   0   2   2   0   0   2   3   1   1   2   1   1   2   1  13
12  10   1   3   4   0   4  25  11   2   1   4   0  53  19   2   1   3   0  64  12   1   2   1   0   3   3   1   2   3   2   2   2   2  54
13  10   1   1   5   1   4  21   8   1   1   5   0  51  20   2   1   4   0  60  10   1   2   1   0   3   3   1   1   3   1   2   2   2  51
18  13   3   2   4   2   4  32  11   2   1   4   1  48  14   1   2   3   0  50   6   1   2   1   0   1   0   3   3   1   3   2   2   1  43
14  10   2   3   7   0   7  30  11   1   1   6   0  54  18   2   2   4   0  54   6   0   1   1   0   3   3   3   1   1   1   2   2   2  46
8   6   0   1   6   4   6  16   8   0   1   6   5  43  19   2   3   4   0  46   7   0   2   1   0   1   0   2   2   2   2   2   1   1  39
13  10   2   3   3   2   4  26  10   2   3   3   5  39  11   2   3   1   7  33   0   1   2   0   0   2   0   2   0   2   3   1   0   0  28
15  11   1   1   5   6   6  28  10   1   1   6   4  54  19   1   2   4   0  56   6   0   1   1   0   2   2   0   3   3   2   0   1   1  48
17  12   2   0   6   3   6  29  10   1   1   6   0  53  18   1   3   4   0  57   6   1   3   1   0   1   3   2   2   3   3   2   0   2  49
15  11   1   2   5   6   6  28  11   2   1   5   1  56  20   3   2   3   0  61   9   0   2   1   0   3   3   1   2   1   1   2   1   2  52
10   8   2   2   3   2   3  19   8   1   2   3   0  39  16   1   2   2   0  42   6   1   3   1   0   2   3   3   1   3   3   0   1   1  36
15  11   2   1   3   7   6  26   9   1   1   2   0  27   5   0   2   1   0  25   3   1   2   0   0   0   2   0   1   1   0   1   0   1  22
16  12   2   1   5   7   7  30  10   2   1   5   4  56  18   1   2   4   0  69  13   0   2   2   0   0   0   0   3   3   3   0   1   2  58
18  12   2   1   5   0   5  32  11   1   2   5   0  60  21   2   2   4   0  67   9   1   2   1   0   3   0   3   0   1   0   1   2   2  57
2   4   1   2   1   8   4   5   5   2   1   1   6  19  10   2   2   1   3  12   0   1   2   0   4   3   1   3   2   3   0   2   0   2  10
15  11   3   1   2   8   5  10   0   2   3   0   8   6   0   2   1   0   8   0   0   0   3   0   3   0   0   3   0   3   3   0   2   1   0
5  6  1  1  1  8  4  7  4  1  1  1  5 10  5  1  1  0  1  9  3  2  2  0  0  0  1  3  1  1  2  0  2  2  8
17  11   1   2   6   5   6  32  12   1   2   5   0  51  15   1   2   4   0  53   7   1   1   1   0   0   3   3   1   2   3   0   1   0  45
19  13   3   1   4   3   5  27   7   1   1   3   0  42  13   1   2   2   0  35   0   2   2   0   0   3   3   0   2   0   0   0   1   1  30
13   9   1   0   4   4   4  26  11   2   3   5   0  54  20   3   2   4   0  58   8   1   2   1   0   0   1   3   0   2   0   0   2   1  50
7   7   0   1   5   2   6  18   9   2   2   4   0  41  17   1   3   3   0  44   7   1   1   1   0   2   3   2   3   3   3   0   0   2  38
15  10   1   1   4   0   4  31  12   2   2   4   0  51  15   2   2   3   0  60  10   0   3   1   0   2   3   0   0   1   3   0   1   1  51
11   8   0   1   6   4   6  27  12   1   0   7   0  54  19   2   2   5   0  63  11   1   1   2   0   1   2   0   1   0   1   0   1   0  54
14  10   1   1   7   0   7  31  13   1   1   7   0  60  21   2   2   5   0  72  12   0   1   2   0   2   0   3   0   0   3   0   2   0  62
10   8   1   3   6   3   6  22   9   1   2   6   5  54  22   2   1   4   2  56   7   0   1   1   0   2   0   3   3   3   1   0   2   1  48
26  17   3   1   7   3   7  45  14   2   1   6   5  70  19   2   3   4   1  84  14   2   1   1   0   3   0   2   1   3   2   2   1   1  71
16  12   2   1   6   2   6  30  11   2   1   5   5  45  14   0   2   3   0  48   5   0   2   1   0   2   0   0   3   3   3   0   0   2  41
15  11   1   3   6   3   6  32  12   2   1   6   4  55  18   1   2   4   3  65  11   0   1   1   2   3   0   0   0   0   0   2   1   1  55
14  11   1   0   5   6   6  22   8   1   2   4   5  48  18   3   2   3   5  49   5   0   3   0   7   0   0   1   0   3   0   1   1   2  41
21  15   3   0   4   3   4  30   9   1   3   4   0  57  20   2   1   3   0  60   6   1   2   1   0   0   1   2   0   2   3   0   1   0  51
19  13   2   1   6   4   6  36  12   2   3   5   0  53  14   1   2   3   0  56   6   0   2   1   0   1   3   3   0   2   2   2   1   0  47
11   9   1   1   5   1   5  28  12   2   1   5   0  58  21   2   2   4   0  66  10   0   1   1   0   3   1   3   3   2   1   2   2   0  56
17  12   1   1   7   1   6  35  13   2   2   7   1  69  24   2   1   5   0  70   8   0   3   1   0   0   0   0   0   1   1   0   1   2  59
8   7   0   1   5   5   6  26  12   2   2   5   2  45  16   1   1   3   4  46   6   0   2   1   0   3   1   2   0   0   3   2   1   0  39
10   8   0   1   4   2   5  25  11   1   1   4   0  40  12   2   2   2   0  46   7   1   3   1   0   0   1   1   1   2   3   0   1   1  39
4  4  2  1  0  8  4  1  0  2  2  0  2  3  4  2  2  0  0  0  1  0  1  0  0  0  3  2  2  2  1  0  0  0  0
12  10   1   1   5   6   6  25  10   2   1   3   7  42  13   1   1   2   5  50   9   2   1   1   5   3   0   3   1   2   0   2   1   0  42
8   7   0   1   5   4   6  23  11   1   1   4   6  53  21   2   1   3   1  59   8   0   2   1   0   3   0   1   2   0   2   1   2   0  50
9   8   1   1   4   2   4  17   7   1   2   3   0  37  15   2   2   2   0  45   8   0   2   1   0   2   3   3   3   1   3   1   2   1  38
14  11   2   1   5   0   4  28  11   1   3   5   0  54  19   3   1   3   0  59   7   0   1   1   0   0   2   2   1   1   0   0   1   2  50
8   7   0   1   4   2   4  19   9   1   3   4   0  41  16   1   2   3   0  41   6   1   2   1   0   2   1   3   0   3   0   0   1   2  35
21  14   2   0   6   5   6  28   6   2   2   1   8  21   0   2   1   0   5  21   3   1   2   0   4   3   0   3   2   1   0   1   2   1  18
7   7   0   3   3   5   4  18   9   2   2   3   3  43  18   2   1   2   0  53  10   0   2   1   0   3   2   1   3   3   1   2   1   2  45
13  11   2   0   5   6   6  23   8   1   1   5   0  42  15   1   2   3   0  48   8   1   2   1   0   1   1   2   2   2   1   2   0   0  41
13  10   1   2   7   3   7  25  10   1   1   6   4  53  20   3   3   4   1  54   6   0   2   1   0   3   0   2   2   2   1   2   0   1  46
9   8   1   1   2   7   4  17   7   2   1   2   2  28  10   2   2   1   0  31   5   0   3   0   0   2   3   3   3   1   2   0   2   2  27
13  10   1   3   4   7   6  22   8   1   0   4   2  43  15   1   2   3   0  51   9   1   2   1   0   3   3   1   2   2   3   2   1   0  43
7   6   0   3   4   3   4  14   7   1   2   3   0  39  18   2   3   3   0  43   8   0   1   1   0   3   3   3   1   3   3   2   2   2  37
10   8   1   1   4   7   6  25  11   2   1   4   4  38  12   2   2   2   7  50  13   2   2   1   2   1   3   3   0   2   2   2   1   0  43
16  12   2   2   5   7   6  32  12   2   1   5   2  50  15   1   2   4   0  61  11   2   1   1   0   2   2   3   3   3   0   0   1   2  52
15  10   3   3   4   5   4  28  10   1   0   4   0  47  16   1   2   3   0  58  12   2   1   1   0   2   1   1   2   3   0   1   2   2  49
12   9   1   2   6   5   6  21   9   1   2   6   1  48  19   1   1   5   0  59  11   1   2   2   0   3   2   3   3   1   0   1   1   2  50
17  13   2   1   5   1   4  29  10   2   2   6   3  55  19   1   2   4   0  62   9   1   1   1   0   3   0   3   3   1   0   1   2   1  52
9   8   1   3   4   0   4  31  14   2   1   5   0  49  15   2   2   3   0  55   9   0   2   1   0   3   0   0   0   1   1   2   1   2  47
21  14   2   1   6   5   6  39  14   2   1   6   1  66  19   2   2   4   0  77  13   0   2   2   0   0   3   1   3   0   2   1   0   0  66
9   8   1   1   3   8   6  16   7   1   2   3   3  36  15   1   1   2   0  40   6   1   2   1   0   0   2   1   2   0   1   0   1   0  34
19  13   1   0   6   2   5  37  13   2   1   5   2  61  19   2   2   4   0  64   8   1   3   1   0   0   0   2   3   1   2   0   1   2  55
18  12   1   0   4   3   5  28   8   1   2   4   0  55  19   2   1   3   0  61   8   0   3   1   0   0   1   3   3   3   2   0   1   1  51
11   9   1   3   6   4   6  26  10   1   1   3   7  48  16   2   2   2   0  56   9   1   1   1   0   2   0   0   3   2   3   0   1   1  48
16  12   1   0   5   3   5  32  13   2   0   5   0  62  21   2   2   4   0  69   9   1   3   1   0   1   3   1   2   1   3   2   1   2  59
0  0  3  1  0  8  5  0  0  2  1  0  5  0  0  2  3  0  0  1  3  0  1  0  0  0  0  0  1  2  1  0  0  1  1
9   8   1   1   5   7   6  22  10   2   3   5   3  42  15   1   2   4   0  45   6   0   2   1   0   0   2   3   3   1   3   0   1   1  38
11   9   1   2   4   1   4  28  12   2   1   4   0  51  17   1   1   3   0  57   9   0   2   1   0   3   1   2   3   1   3   1   1   2  48
3   4   2   3   1   8   6  11   7   2   1   1   3  15   5   0   2   1   0  10   0   1   2   0   0   3   2   0   0   3   0   2   0   2   8
17  12   2   0   6   0   6  33  12   1   2   6   0  54  16   1   3   4   0  58   7   0   2   1   0   1   1   2   2   3   0   0   1   1  50
12   9   1   0   5   5   6  21   8   0   3   6   2  45  18   1   2   4   1  57  11   1   1   1   0   1   1   3   1   3   1   1   0   2  48
4   5   3   3   1   8   4   7   4   1   3   1   5  25  13   1   1   1   5  22   3   1   2   0   0   3   1   2   0   1   3   2   1   2  18
16  11   1   0   7   2   6  33  13   2   1   6   2  55  18   2   2   5   0  70  14   1   1   2   0   0   0   1   1   1   0   0   2   2  59
21  14   2   1   5   6   6  32   9   1   2   5   0  56  17   1   1   3   0  61   8   0   3   1   0   1   3   3   2   1   1   2   1   2  52
10   8   1   1   6   0   5  22   9   1   2   5   0  50  19   2   2   4   0  51   6   1   3   1   0   3   3   0   0   3   0   0   0   2  43
10   7   3   1   1   8   6  18   7   2   3   1   7  25   7   1   3   1   2  19   0   1   2   0   0   1   1   3   3   3   2   1   2   2  17
10   8   3   2   1   8   6  15   5   1   1   1   6  28  10   0   1   1   7  23   2   1   1   0   3   3   2   3   0   2   3   2   1   1  20
13  10   1   1   4   2   4  28  12   2   1   4   0  43  12   1   3   2   0  49   8   0   2   1   0   1   3   1   1   3   3   2   2   2  42
15  11   3   3   5   2   5  28  10   1   2   6   0  50  16   1   2   4   0  56   8   2   2   1   0   2   1   1   3   3   0   1   1   1  47
11   9   1   0   4   6   5  26  11   1   1   4   1  50  18   2   2   3   0  60  10   1   1   1   0   1   1   3   3   3   3   1   1   1  51
25  16   2   0   6   2   6  42  13   2   0   7   1  62  17   2   3   5   0  74  12   1   2   2   0   1   0   1   0   3   0   2   1   2  63
16  12   1   1   6   0   6  36  15   2   1   7   0  60  18   2   1   5   0  73  13   2   2   2   0   1   3   0   0   3   3   1   0   1  62
11   9   1   2   5   1   6  22  10   1   1   4   0  46  18   2   2   3   0  55   9   1   1   1   0   2   1   1   0   1   0   0   1   1  47
18  12   1   0   7   6   7  35  12   1   2   7   0  59  18   1   3   5   0  71  12   0   1   2   0   1   3   1   3   2   2   2   1   0  60
9   8   1   1   4   2   4  18   7   0   1   4   0  43  18   2   1   3   0  58  12   0   1   1   0   3   3   1   0   0   1   1   2   1  50
10   8   0   0   7   4   6  21  10   1   1   7   0  47  18   2   2   5   0  56  10   0   2   1   0   0   1   2   3   0   3   0   0   1  47
11   8   1   0   5   3   4  24  10   1   1   5   0  41  13   0   1   3   0  48   9   0   2   1   0   0   2   3   1   1   3   0   1   1  41
6   6   1   3   3   7   4  14   7   1   1   2   5  28  12   2   1   1   0  25   3   0   1   0   0   3   2   2   1   0   2   1   0   1  21
16  11   2   0   5   1   5  29  10   1   0   5   0  55  20   2   3   4   0  62   9   0   1   1   0   0   0   1   3   3   3   0   2   2  53
13   9   1   2   5   7   6  28  11   1   1   6   3  51  17   1   2   4   0  58   9   2   3   1   0   2   2   1   3   2   0   0   1   0  49
16  11   1   2   6   1   6  31  12   2   0   5   0  57  19   2   2   3   0  57   6   1   2   1   0   3   1   1   2   0   1   2   2   0  49
25  16   3   1   5   1   4  33   9   1   3   5   3  50  15   1   3   4   0  62  12   2   2   1   0   2   0   3   1   3   0   0   1   2  52
5   5   2   1   1   8   6   6   4   1   2   1   6  12   6   1   2   0   0  12   4   1   1   0   0   3   1   0   3   3   2   2   0   1  10
2  4  0  1  1  8  3  1  2  2  1  0  7  0  0  3  3  0  3  0  0  1  1  0  1  1  1  0  2  2  1  2  1  0  0
10   8   2   3   3   4   3  22  10   2   1   3   0  38  13   1   2   2   0  40   6   1   1   1   0   3   2   3   2   3   0   2   2   2  34
19  13   3   1   5   1   5  33  12   2   1   5   0  56  17   1   2   3   2  64   9   0   2   1   0   3   1   3   0   2   3   2   0   0  55
21  14   2   1   6   2   6  29   8   1   2   5   0  54  19   2   2   4   0  59   8   0   2   1   0   0   2   3   2   3   3   1   0   2  50
12   9   2   1   3   7   5  20   8   1   2   2   6  31  11   1   2   2   0  39   8   0   1   1   0   0   0   0   3   1   3   0   0   2  33
0  1  0  0  0  8  5  0  0  1  1  0  4  4  4  3  2  0  0  3  3  0  3  0  0  1  1  1  1  3  2  1  2  2  3
0   3   0   1   1   8   4   6   5   1   3   1   1  15   8   1   1   1   0  21   6   1   2   0   0   0   2   1   1   0   2   0   1   0  18
12   9   1   3   4   1   4  25  11   2   1   4   1  48  17   2   1   3   0  57  10   1   2   1   0   3   0   2   2   3   2   2   1   2  48
11   9   1   1   5   0   6  28  12   2   1   6   0  47  16   1   2   4   0  55   9   2   1   1   0   2   2   0   0   0   0   0   0   0  47
9   8   1   1   4   3   4  27  13   2   1   4   5  47  15   2   2   3   2  56  10   1   2   1   0   3   0   2   1   3   2   2   1   2  48
13   9   1   2   5   6   5  28  12   2   3   5   2  56  19   2   2   4   0  55   5   0   3   1   0   0   1   2   1   1   2   0   1   2  47
0  0  1  0  0  8  4  0  0  1  1  0  4  5  5  2  2  0  0  1  0  1  1  0  0  1  1  3  1  3  1  2  1  2  1
15  11   2   0   3   1   3  28  11   2   2   3   0  44  14   1   2   3   0  52   9   1   2   1   0   1   1   3   0   3   2   2   1   2  44
