8   6   0   1   5   5   6  19   9   0   1   4   1  47  20   2   1   3   0  55   9   1   1   1   0   0   2   1   1   2   2   0   2   0  47
15  10   0   1   7   0   6  30  11   2   2   6   0  66  25   3   1   4   0  66   6   1   2   1   0   3   3   3   1   1   2   2   2   2  56
22  14   2   2   6   2   6  33  10   1   2   5   0  53  15   1   1   3   0  60  10   0   1   1   0   0   1   1   3   3   1   0   2   2  51
15  10   1   1   7   3   7  38  16   3   1   6   0  57  17   2   2   4   0  56   5   1   3   1   0   1   3   0   3   0   1   0   0   1  47
8   7   1   3   3   7   6  20  10   2   3   3   2  38  14   2   2   2   0  41   7   0   1   1   0   2   3   1   1   3   2   0   2   1  34
8   7   1   2   4   1   4  19   8   1   2   4   0  32  11   0   1   3   0  41  10   0   1   1   0   3   1   1   2   1   3   2   2   2  35
18  13   2   2   5   1   4  34  11   2   2   5   4  62  20   1   1   4   0  75  13   2   1   1   0   2   0   3   3   1   0   0   2   2  64
17  12   2   1   3   3   4  25   8   2   2   2   0  32   8   2   2   1   0  23   0   0   1   0   0   1   2   2   3   2   3   1   1   0  20
16  12   2   2   4   4   5  33  12   2   1   3   2  44  11   2   3   2   0  50   8   0   1   1   0   1   1   3   3   3   1   2   1   1  43
21  15   2   0   6   5   6  36  12   1   1   6   0  55  16   1   2   4   0  64  11   0   1   1   0   1   3   3   3   2   3   1   2   0  55
12   8   0   1   7   1   6  30  14   2   0   7   0  52  17   1   2   4   0  68  15   1   3   2   0   0   3   0   2   3   0   1   1   1  58
16  11   2   1   4   1   4  24   8   1   2   4   0  41  14   2   2   3   0  51  11   1   1   1   0   3   3   2   2   3   2   2   0   2  44
14  11   3   0   3   5   3  25   9   1   1   3   0  39  12   2   2   2   0  41   5   0   3   1   0   0   1   2   2   3   3   0   0   1  35
2  4  1  0  1  8  4  0  0  0  3  0  5  0  0  1  3  0  2  0  0  1  2  0  0  0  1  3  2  2  2  0  2  0  0
8   7   1   1   3   6   4  18   9   1   1   3   1  42  17   2   1   2   0  41   4   0   1   0   0   3   3   3   2   0   3   2   2   0  35
14  11   2   1   5   6   5  29  12   2   1   5   2  47  15   2   1   3   0  58  11   1   2   1   0   0   2   1   2   2   0   0   2   0  50
12   9   1   3   4   3   4  27  11   2   2   4   0  48  16   2   2   3   0  47   6   0   1   1   0   2   3   3   3   3   1   0   0   1  40
11   8   1   3   4   4   4  24  11   3   1   4   0  39  12   0   1   3   0  42   6   1   3   1   0   3   1   1   3   1   3   2   1   1  35
17  11   2   1   6   6   6  37  14   2   1   6   3  68  22   3   1   4   0  70   8   1   2   1   0   3   2   3   3   3   0   2   2   2  60
10   8   2   1   3   0   3  21   9   1   0   4   0  39  14   1   1   2   0  41   6   0   1   1   0   2   3   1   1   2   1   0   2   1  35
14  10   1   1   7   4   6  23   9   1   1   6   0  47  18   1   3   3   0  56   9   1   2   1   1   1   1   1   3   2   0   1   2   0  47
17  11   1   1   6   2   6  27   9   1   3   6   0  49  16   1   1   5   0  56   9   0   2   1   0   1   1   0   0   1   1   2   0   1  48
17  12   2   1   5   3   5  28   9   1   1   5   0  45  14   1   2   3   0  58  12   1   2   1   0   2   3   3   3   1   2   0   1   2  50
13  10   2   1   3   2   3  19   7   1   2   3   1  41  16   2   2   2   0  53  12   1   2   1   0   0   0   1   1   3   2   0   2   2  45
11   8   1   3   4   3   5  27  12   2   1   4   0  47  15   1   2   2   0  61  12   1   1   1   0   3   2   3   2   3   1   1   1   2  52
14  10   1   0   2   7   3  21   7   1   1   2   6  29   8   1   3   1   0  28   3   0   2   0   0   1   0   1   3   2   3   2   2   1  24
4   5   0   3   3   1   3  17   9   1   0   3   0  35  14   1   2   2   0  46  11   0   2   1   0   3   3   1   2   2   0   2   2   0  39
16  12   2   1   6   4   6  31  11   2   2   5   3  52  16   2   3   3   6  44   0   1   1   0   8   2   1   3   0   3   0   0   2   1  38
9   8   1   1   3   6   4  18   7   1   2   3   1  43  18   2   2   2   0  52  10   0   1   1   0   0   2   2   1   3   1   0   1   2  44
16  11   2   2   4   3   4  30  11   2   1   4   0  49  15   1   2   3   0  56  10   1   2   1   0   1   1   3   3   2   1   2   1   0  47
15  11   1   1   6   4   6  21   6   0   1   3   7  46  18   2   1   3   2  57  12   1   1   1   0   3   0   2   2   2   1   0   0   1  48
8  6  1  2  1  8  6  4  0  0  1  0  8  7  4  0  2  0  5  3  0  2  1  0  1  2  0  2  1  3  3  0  1  2  3
12   9   1   1   3   2   3  25  10   2   1   3   0  43  15   3   2   2   0  49   9   2   1   1   0   1   1   1   2   1   2   1   1   1  42
16  11   2   0   5   5   6  27   9   1   1   5   0  51  17   2   2   4   0  56   7   1   2   1   0   0   3   2   0   3   1   0   0   1  48
16  11   2   1   3   7   5  26   9   2   1   2   7  52  19   3   2   2   0  55   7   0   3   1   0   3   1   0   2   3   3   2   0   1  46
6   6   0   1   3   7   5  21  10   2   2   3   1  50  20   2   1   3   2  52   8   1   2   1   0   0   3   3   0   1   1   0   2   2  44
9   8   0   3   6   2   6  21  10   1   2   5   3  43  17   1   2   4   1  48   8   1   1   1   0   2   0   3   2   2   2   0   2   0  41
0  0  2  3  0  8  6  0  0  2  3  0  6  0  3  2  2  0  7  0  1  0  1  0  8  3  2  3  0  3  0  2  2  1  0
15  11   2   1   6   4   5  30  12   2   2   5   0  54  17   3   3   3   0  60   9   0   1   1   0   1   1   2   0   3   3   2   0   2  51
14  10   2   1   4   2   4  24   9   2   3   3   4  40  13   2   1   2   3  33   0   2   1   0   0   2   0   2   0   3   2   1   0   2  28
8   7   1   2   3   7   6  14   7   1   2   2   1  31  13   2   1   1   4  24   0   1   2   0   0   0   2   2   0   0   2   0   0   1  20
17  12   2   1   5   4   5  26   8   1   2   5   0  50  18   1   1   4   0  58  10   0   1   1   0   0   3   2   3   3   2   0   0   1  49
13  10   1   1   5   5   5  28  11   1   1   5   0  53  18   2   3   3   0  57   7   1   3   1   0   0   2   3   1   2   3   0   1   0  48
19  13   3   2   4   1   5  29   8   1   1   4   0  53  18   1   2   3   0  61  10   1   1   1   0   1   2   3   0   3   1   1   1   2  52
14  10   1   1   4   6   5   8   0   2   2   0   8   4   0   1   1   0   8   0   0   1   3   0   7   3   0   1   0   3   2   2   1   2   0
10   8   1   0   4   2   4  26  12   3   2   5   2  45  16   2   2   3   0  55  11   2   2   1   0   0   0   3   2   0   0   0   2   1  47
19  13   2   1   6   4   6  34  12   2   2   5   6  54  15   1   2   3   5  56   7   0   1   1   0   1   0   1   0   1   3   0   2   2  48
8   7   0   1   5   0   6  23  12   2   1   4   0  40  14   1   2   3   0  44   8   1   1   1   0   1   1   1   3   3   0   2   1   1  38
7   6   0   1   2   7   4  10   4   1   2   1   5  11   3   1   2   0   6  10   2   0   1   0   2   3   2   2   0   1   3   0   0   2   8
13  10   1   1   4   2   4  29  12   2   2   3   0  41  12   0   1   3   0  48  10   0   2   1   0   1   0   3   1   3   2   2   2   2  41
5   6   1   1   2   6   3  12   7   1   1   2   2  31  14   1   1   2   0  43  11   1   1   1   0   0   1   3   2   3   1   0   1   1  36
12   8   0   1   5   6   6  27  11   1   1   5   1  47  16   2   1   3   0  51   7   0   3   1   0   0   3   3   2   1   2   1   1   1  43
18  12   1   1   5   3   6  28  10   1   1   5   0  53  17   2   2   3   0  60   9   0   3   1   0   1   2   3   1   0   1   1   1   0  51
10   8   0   0   4   2   5  26  11   2   3   4   0  46  16   2   2   3   0  48   6   0   2   1   0   1   3   2   3   1   0   1   0   2  41
11   8   0   0   6   5   6  29  13   2   1   6   1  54  18   1   2   4   0  58   7   1   3   1   0   0   3   1   3   0   1   0   2   0  49
15  11   1   2   7   1   7  27   9   1   2   6   1  50  17   1   1   4   1  50   6   2   1   1   3   2   0   0   0   3   0   0   0   1  42
9   8   1   1   4   0   5  20  10   2   2   4   0  46  18   3   2   3   0  55  10   0   3   1   0   2   2   3   3   2   2   0   2   0  47
17  11   2   3   5   0   6  27   9   1   2   5   0  49  16   1   2   4   0  60  12   0   2   2   0   2   0   2   2   3   3   0   0   2  51
22  14   2   0   6   3   6  39  13   2   1   6   4  66  20   1   1   4   0  82  14   1   2   2   0   1   0   3   3   0   3   2   0   0  69
14  11   1   0   4   3   4  31  12   3   1   4   0  52  16   2   3   3   0  52   6   1   1   1   2   1   2   3   3   3   0   1   2   2  44
13  10   2   1   2   8   6  21   7   1   2   2   1  42  16   1   2   2   0  51  11   2   2   1   0   0   3   2   2   0   3   0   1   1  43
14  10   1   1   7   2   7  35  14   2   1   7   0  59  17   1   2   4   0  63   8   0   2   1   0   0   1   3   2   3   1   0   2   1  54
12   9   1   1   5   1   6  26  11   2   2   5   1  57  21   3   1   3   0  62   8   2   2   1   0   1   0   1   3   1   2   2   2   2  52
21  14   2   1   6   4   6  31  10   1   1   6   0  49  14   0   2   4   0  60  12   1   2   1   0   2   3   0   3   2   3   0   1   0  51
15  11   2   0   3   7   6  25   8   1   2   3   3  36  11   1   2   2   0  41   7   1   3   1   0   0   1   2   3   2   3   1   0   0  35
21  14   2   1   6   6   6  33  11   2   1   5   3  56  17   2   2   3   1  59   7   0   3   1   0   3   2   1   2   1   1   2   1   2  50
14  10   1   1   6   3   5  28  10   1   2   5   0  54  19   1   1   4   0  56   7   0   2   1   0   3   2   3   3   1   0   2   1   1  48
17  11   1   1   4   2   4  28   9   1   2   3   0  47  15   2   1   2   0  53   8   1   3   1   0   3   3   3   3   1   0   2   2   2  45
5   5   1   1   1   8   6  12   6   2   1   1   1  33  15   2   1   1   0  26   0   1   2   0   0   0   1   1   1   1   0   0   1   2  22
7  6  1  0  1  8  4  6  1  1  2  0  8  8  4  1  1  0  5  5  1  0  1  0  5  1  0  3  1  1  0  1  2  1  4
9   8   1   1   5   0   5  23  11   2   3   5   0  41  15   1   1   4   0  48  10   1   2   1   0   0   3   2   2   1   0   1   1   2  41
14  10   1   1   5   2   5  29  11   2   1   5   0  53  17   1   2   4   0  55   6   0   2   1   0   2   1   2   3   3   2   0   0   2  47
13  10   1   2   5   2   6  27  11   1   0   5   0  46  15   0   1   4   0  55  10   1   2   1   0   0   2   1   0   1   2   0   1   2  46
19  13   3   1   3   8   7  28   7   1   1   1   7  22   0   1   2   0   2  20   3   0   2   0   0   0   0   3   2   3   1   1   2   2  17
15  10   1   3   5   4   6  35  14   2   1   5   1  56  17   1   1   3   2  66  11   2   2   1   0   2   1   1   0   0   0   0   1   0  56
12   9   1   1   4   6   5  22   9   1   1   4   1  43  16   2   2   3   0  54  11   2   2   1   0   0   3   3   1   3   3   0   1   1  46
14  10   1   3   4   1   4  28  11   2   1   4   0  55  19   2   2   3   0  60   8   0   2   1   0   3   2   0   1   2   3   2   0   0  51
2  4  1  1  1  8  6  3  3  2  2  0  7  3  3  1  2  0  0  1  2  0  2  0  0  3  1  0  2  3  1  2  0  2  1
13  10   1   1   6   0   6  23   9   1   1   6   0  47  17   2   3   4   0  52   8   1   3   1   0   2   0   2   0   3   1   0   1   2  44
14  11   2   1   4   3   3  23   9   1   2   4   0  41  15   1   1   3   0  48   8   1   1   1   0   0   3   1   2   2   1   0   2   0  41
16  12   2   1   6   3   6  33  12   2   1   7   0  53  16   0   3   5   0  62  10   0   3   2   0   1   3   0   0   3   2   2   1   2  53
16  11   2   1   5   5   6  30  10   2   1   4   0  49  15   3   3   2   0  55   9   1   2   1   0   0   2   3   2   3   2   0   1   2  46
14  11   2   0   4   5   4  21   7   0   1   5   1  42  16   1   1   3   0  43   7   1   2   1   0   1   1   2   3   2   2   1   0   0  37
11   8   2   3   2   1   3  15   6   1   3   2   0  22   7   2   2   1   0  16   0   0   2   0   0   2   1   2   3   0   0   0   0   1  14
12  10   1   1   5   6   6  23  10   2   3   5   3  48  18   1   2   4   4  55   9   0   2   1   0   2   3   3   0   1   1   0   2   1  47
10   9   1   2   4   2   4  18   8   1   2   3   0  32  11   1   2   2   0  39   7   0   3   1   0   1   1   1   0   1   1   1   1   1  33
18  13   2   1   5   3   6  29  10   2   2   4   0  46  15   2   3   3   0  47   6   0   1   1   0   1   2   2   0   3   1   2   0   2  40
17  13   2   1   6   0   6  30  11   1   0   6   0  54  19   1   2   5   0  67  12   0   2   2   0   1   1   0   1   3   3   2   0   2  57
7   7   0   1   4   0   4  19   9   1   1   4   0  44  17   3   1   2   0  52   9   1   2   1   0   1   3   3   3   3   2   2   1   2  44
19  13   2   3   7   2   7  36  13   2   0   7   0  59  18   1   1   5   0  67   9   0   3   1   0   2   1   1   3   3   1   0   1   1  57
16  11   1   2   6   1   6  34  14   2   1   6   1  54  16   1   2   4   0  53   5   0   1   1   0   0   0   1   2   1   3   0   1   2  45
22  15   2   1   6   1   6  32   9   1   3   6   0  65  23   3   2   4   0  67   8   0   2   1   0   1   2   3   3   3   1   2   2   2  57
15  10   1   1   6   1   6  34  13   2   3   6   0  52  15   0   1   3   0  61  10   1   1   1   0   0   3   2   3   2   2   0   0   0  52
6   6   0   1   3   6   4  17  10   2   1   2   0  41  17   2   2   2   0  59  14   2   2   1   0   1   3   3   1   2   3   2   2   0  50
8   7   0   1   5   4   5  27  13   1   0   5   0  43  13   1   2   3   0  46   5   0   2   1   0   1   2   1   3   1   0   2   2   2  39
12  10   1   0   6   3   6  25  11   2   1   6   0  51  19   1   2   4   0  51   5   0   3   1   0   1   2   3   3   3   2   1   2   2  44
21  14   2   1   6   2   5  36  13   3   2   6   0  57  16   1   3   4   0  68  11   1   1   1   0   0   3   3   0   3   2   0   2   1  58
11   9   0   1   5   4   5  20   9   1   2   5   4  48  19   2   2   3   0  48   6   0   3   1   0   1   0   1   2   3   1   1   1   2  41
3  4  2  3  1  8  4  0  0  1  0  0  8  4  5  1  3  0  4  0  0  0  2  0  1  3  1  1  2  3  2  2  1  2  0
12   9   1   1   3   4   4  27  11   2   1   3   0  43  13   1   3   3   0  46   7   1   3   1   0   1   3   3   3   3   1   2   1   2  39
7   6   0   1   4   1   4  19   9   1   2   4   0  40  16   1   1   3   1  50  10   1   1   1   0   1   3   2   0   3   3   0   0   1  43
11   9   1   2   5   1   4  24  10   1   2   6   0  47  16   2   3   4   0  50   6   0   3   1   0   3   1   2   0   3   3   1   0   2  42
17  12   2   3   6   3   6  29  11   2   1   6   0  51  17   0   1   4   0  53   6   1   3   1   0   3   3   3   0   2   3   2   1   0  45
6   6   1   3   3   6   4  16   9   1   1   3   2  32  13   1   2   2   0  42   9   2   2   1   0   2   1   1   3   3   0   1   1   2  36
13  10   1   1   7   4   6  30  13   3   1   6   0  56  18   1   1   4   0  64  10   1   2   1   0   1   1   0   2   0   3   2   0   0  54
13   9   1   1   5   5   6  27  11   2   1   5   0  49  17   1   1   3   0  61  12   2   2   1   0   3   3   1   1   0   0   1   1   0  52
11   8   1   2   4   7   6   6   0   1   2   0   8   9   5   1   3   0   4  11   4   1   2   0   0   2   0   2   2   2   1   0   0   0   9
18  12   1   1   6   0   7  34  12   2   1   5   0  59  19   2   1   3   0  68  11   1   2   1   0   1   1   1   1   1   3   2   2   2  58
9   7   1   2   4   4   4  19   9   1   1   4   0  37  14   1   3   3   0  48  11   1   2   1   0   3   3   3   2   3   0   2   1   1  41
15  11   2   1   4   1   5  30  11   2   1   4   0  58  20   2   1   3   0  62   7   1   2   1   0   3   3   3   0   3   1   1   2   1  53
14  11   2   1   5   0   4  31  12   2   2   4   0  49  14   1   2   3   0  59  11   1   1   1   0   1   1   1   3   3   3   2   2   2  50
9   8   0   1   5   4   6  22   9   1   3   5   0  46  18   2   2   3   0  50   6   0   1   1   0   0   2   3   0   0   0   0   2   0  43
21  15   3   2   7   4   6  29   7   0   3   7   0  54  18   1   3   5   0  68  14   0   3   2   0   2   1   2   2   2   3   0   0   0  58
16  12   2   1   3   6   3  25   8   1   1   3   1  43  14   1   1   2   0  48   7   1   2   1   0   1   2   2   3   1   0   2   1   2  41
14  11   2   1   7   3   6  28  11   2   2   7   0  51  16   1   2   5   0  66  14   1   1   2   0   0   1   3   2   0   3   0   2   0  56
19  13   2   1   5   3   6  41  15   2   0   6   0  63  17   1   1   4   0  68   9   1   2   1   0   0   2   1   1   1   0   0   2   1  58
13  10   1   1   5   5   6  25  10   1   1   5   0  50  18   1   2   4   0  64  13   2   2   1   0   0   2   3   0   3   1   0   1   2  54
7   7   0   1   3   7   6  16   8   1   1   3   4  29  12   1   2   2   0  44  12   1   1   1   0   3   2   1   2   1   1   1   2   1  38
11   8   1   2   6   5   6  35  16   3   0   6   1  55  16   2   3   4   0  60   9   1   1   1   0   3   1   3   1   3   2   2   1   1  51
10   8   0   1   3   5   3  26  12   2   1   3   1  41  13   0   2   2   0  50   9   0   3   1   0   3   3   0   3   3   3   2   0   2  42
21  14   2   1   4   5   5  35  11   3   2   4   0  56  16   1   2   3   0  56   6   0   2   1   0   1   2   0   2   2   0   2   0   1  47
20  14   3   1   6   2   6  31   9   1   1   6   0  60  22   2   2   4   0  67  10   1   2   1   0   3   1   3   3   3   1   2   0   1  57
14  10   1   1   4   1   4  24   9   2   1   3   0  39  12   1   1   2   0  49  11   1   2   1   0   1   3   1   0   3   0   2   2   2  42
10   7   1   2   4   5   5  20   9   1   2   4   5  45  19   2   1   3   0  53  10   2   1   1   0   0   0   0   1   2   2   0   1   0  45
15  10   1   0   7   5   7  37  15   2   1   7   0  68  21   2   2   4   0  73   8   1   1   1   0   0   1   1   2   1   0   0   1   2  62
8   7   0   3   6   3   6  21  10   2   2   5   6  33  11   1   3   1   8  27   0   0   2   0   3   2   0   3   0   2   3   0   1   0  23
11   8   0   1   4   3   4  25  10   1   1   3   1  44  14   0   2   3   1  51   9   1   2   1   2   1   1   0   0   1   0   2   0   1  44
17  11   1   1   6   3   6  35  14   2   2   6   3  60  18   1   2   4   0  58   5   0   1   1   0   3   0   3   3   1   1   1   1   1  49
13  10   1   1   7   0   6  27  10   1   1   7   0  51  17   1   1   5   0  62  12   0   1   2   0   1   1   3   3   3   3   2   2   1  53
18  13   1   0   7   0   7  33  11   1   0   7   0  63  21   2   2   4   0  76  12   1   1   1   0   0   0   1   3   3   0   0   1   2  64
19  13   1   0   6   2   6  35  12   1   1   6   2  57  17   2   1   4   0  65   9   0   1   1   0   0   0   3   3   1   0   0   1   2  55
20  14   2   0   4   1   4  31   9   1   2   4   0  48  14   1   2   3   0  59  11   1   3   1   0   0   0   1   2   1   0   0   2   2  50
17  12   2   1   7   2   7  27   9   1   2   6   0  49  16   2   3   4   0  54   7   2   2   1   0   2   2   1   2   3   2   0   1   1  46
18  13   3   1   3   6   5  29  10   1   1   3   3  56  19   2   2   3   0  58   6   0   2   1   0   3   1   3   2   2   2   2   1   1  49
8   7   0   1   3   3   3  16   8   1   1   3   0  43  18   2   2   2   0  53  10   0   1   1   0   3   2   1   0   2   2   0   1   0  45
10   8   1   1   3   1   3  14   6   1   2   2   0  24   9   1   1   1   0  18   0   0   3   0   0   0   1   2   0   1   0   0   0   1  16
9   8   1   1   3   2   4  20   8   2   1   2   0  32  10   1   2   1   0  27   0   1   1   0   0   3   1   3   1   3   3   2   1   2  23
10   8   0   1   7   0   7  25  11   2   1   7   0  52  19   2   2   4   0  66  13   2   2   1   0   3   3   2   1   1   0   2   1   1  56
12  10   1   1   5   5   5  27  11   2   0   4   0  45  15   1   1   3   0  52   9   0   1   1   0   0   1   1   0   0   2   1   2   0  44
11   8   1   1   2   7   4  23  10   2   0   2   4  39  14   1   2   2   3  47   8   1   2   1   4   3   1   0   0   2   0   2   0   0  40
7   7   0   1   3   7   6  21  11   2   1   4   0  40  16   2   3   2   0  46   8   1   3   1   0   0   3   1   2   3   3   0   2   2  39
14  10   2   2   3   1   3  24   9   1   1   3   0  45  16   2   2   2   0  51   9   1   2   1   0   1   2   0   2   2   1   1   1   0  44
14  10   1   1   6   0   5  27  11   1   2   5   0  42  13   1   3   3   0  47   8   2   2   1   0   3   2   2   0   3   1   2   0   2  40
10   8   1   1   5   4   6  30  15   3   2   5   0  57  19   1   2   4   0  61   8   0   1   1   0   1   2   1   3   3   2   1   1   2  52
14   9   1   1   5   6   6  32  13   2   2   5   2  53  16   1   2   3   1  58   9   1   3   1   0   3   3   3   2   3   1   1   2   2  49
11   8   0   1   4   5   4  24   9   2   1   4   1  46  16   2   2   3   0  51   7   1   2   1   0   3   3   0   1   1   2   2   0   2  43
10   8   1   2   6   0   6  25  12   2   2   6   0  51  18   2   2   4   0  56   8   0   2   1   0   1   1   0   0   3   2   1   1   2  48
14  11   1   1   6   5   6  31  12   2   0   5   5  50  15   1   2   4   0  56   9   1   2   1   2   0   0   1   3   3   0   0   2   2  47
13  10   1   1   7   3   6  32  13   2   2   6   0  58  19   2   2   4   0  66  10   0   3   2   0   1   3   0   0   3   0   2   1   2  56
27  18   3   1   6   0   6  39  11   2   3   6   0  67  20   3   2   4   0  67   6   0   3   1   0   0   1   3   2   1   1   1   1   1  57
14  10   1   0   4   2   4  32  13   2   0   4   0  44  11   0   2   2   0  49   7   1   2   1   0   1   3   1   2   1   0   1   2   1  41
15  11   2   2   7   1   7  30  12   1   2   7   0  47  14   0   2   5   0  55   9   0   1   1   0   3   2   1   1   3   3   1   1   1  47
9   8   0   2   6   2   7  30  15   2   1   6   0  50  16   2   3   4   0  52   6   0   1   1   0   0   3   3   0   2   2   0   1   0  44
20  13   1   1   7   0   7  26   7   0   0   7   0  46  16   1   2   5   0  58  11   1   2   2   0   3   0   0   1   3   3   1   0   2  49
15  11   2   1   4   5   5  27  10   1   1   4   1  43  13   1   2   3   0  49   8   0   2   1   0   1   2   1   2   0   0   1   2   0  41
12  10   1   1   5   4   5  25  10   1   2   5   4  45  16   2   3   3   0  50   7   2   2   1   0   2   0   1   2   2   1   0   1   1  43
6   7   0   2   6   3   5  27  14   3   3   5   4  46  16   2   2   3   1  57  11   2   3   1   0   2   0   3   2   1   3   0   2   1  48
15  10   1   0   6   4   6  25   9   1   1   5   4  49  18   1   2   3   0  55   9   1   2   1   0   0   0   0   3   0   0   0   0   0  47
11   9   2   1   3   2   4  22   9   2   1   2   0  43  15   2   1   2   0  52  10   1   2   1   0   3   2   1   2   1   3   2   2   2  45
13  10   2   3   5   5   7  29  12   2   1   4   1  42  12   0   2   3   2  39   4   0   3   1   0   3   3   1   0   2   2   2   1   1  33
19  13   2   1   6   3   5  38  14   2   2   7   0  63  20   1   1   5   0  79  15   2   2   2   0   1   3   2   2   1   1   2   1   2  68
14  11   2   2   6   5   6  28  10   1   1   6   0  54  19   1   1   4   0  58   7   0   2   1   0   0   3   1   2   3   3   1   1   2  49
15  11   2   1   5   7   7  24   8   1   2   4   6  40  13   2   2   2   4  46   8   1   3   1   1   0   0   3   1   2   3   0   2   0  39
19  13   2   3   6   3   6  29   9   1   1   6   0  52  18   2   1   4   0  54   6   0   2   1   0   2   3   1   0   2   2   0   2   1  46
16  11   3   3   5   7   7  10   0   2   1   0   8   9   2   2   3   0   5   6   0   1   2   0   6   2   0   0   1   3   0   0   0   2   5
9   8   1   2   3   7   6  17   8   3   1   2   3  26   8   1   2   1   3  19   0   0   2   0   0   0   2   3   0   2   1   0   2   1  16
14  11   1   1   5   5   6  26  10   1   0   5   5  43  13   0   2   3   0  51  10   0   2   1   0   0   0   0   1   0   0   0   0   0  43
0  0  1  1  0  8  3  0  2  1  0  0  0  0  0  1  1  0  0  0  0  1  1  0  0  0  3  0  2  0  3  0  1  0  0
11   9   1   2   6   2   6  23   9   1   2   6   0  52  20   2   3   4   0  53   6   1   2   1   0   3   2   1   3   2   2   1   2   1  45
6   6   1   3   3   7   4  25  12   2   1   3   5  42  14   2   2   2   6  46   7   0   2   1   3   3   1   1   0   1   2   2   1   2  39
15  11   1   1   4   0   4  30  11   3   1   4   0  51  15   3   1   2   0  42   0   1   2   0   0   3   0   2   1   0   0   1   0   1  36
14  11   2   3   7   1   6  25  10   1   2   7   0  50  19   1   3   4   0  59   9   2   1   1   0   2   1   1   3   2   2   0   1   0  50
18  12   3   3   5   0   6  31  11   1   1   6   0  61  22   3   1   4   0  67   8   0   1   1   0   3   2   3   1   3   0   2   1   1  57
16  12   2   0   3   5   4  22   7   1   1   3   0  40  13   1   2   2   0  53  12   1   2   1   0   0   2   1   1   3   3   0   1   1  45
19  13   2   1   6   0   6  31  10   1   1   5   0  48  14   1   2   3   0  54   9   1   2   1   0   1   2   1   0   1   3   2   2   2  46
15  11   1   1   4   3   4  23   8   1   2   4   0  45  16   1   2   3   0  51   8   0   1   1   0   3   2   3   1   3   3   2   2   2  43
13  10   1   1   3   6   3  28  11   2   2   3   1  49  16   2   1   2   1  41   0   0   2   0   0   0   2   1   0   2   1   0   1   0  35
12   9   1   3   6   0   6  29  12   2   1   7   0  55  19   1   1   5   0  62  10   0   2   1   0   3   0   0   0   1   2   1   0   1  53
22  15   2   0   7   2   6  34  11   2   1   6   0  61  20   2   1   4   0  63   8   1   2   1   0   1   1   1   3   3   1   1   2   0  54
10   8   0   1   7   2   6  21   9   1   3   7   4  44  17   2   3   5   0  54  11   1   2   1   0   3   0   3   2   2   1   0   2   0  46
13  10   1   1   6   3   6  34  15   2   0   6   4  56  17   1   3   4   0  62   9   1   2   1   0   3   0   1   2   2   3   0   2   0  53
12   9   2   1   3   6   4  24   9   2   1   3   1  37  12   2   3   2   0  45   9   0   1   1   0   2   3   0   2   2   2   0   1   0  38
14  11   2   1   2   1   3  19   5   0   1   2   0  40  15   2   2   2   0  45   7   2   3   1   1   1   2   0   3   3   0   2   1   2  39
19  14   3   1   5   4   5  28   9   1   1   4   6  47  14   2   3   3   4  37   0   0   1   0   7   3   0   3   2   2   0   2   2   1  31
14  10   2   1   4   0   4  31  13   2   1   4   0  52  17   1   2   3   0  54   6   0   2   1   0   2   3   1   2   3   3   0   2   1  46
13  10   1   2   6   4   6  25  11   2   1   5   0  46  16   2   2   3   0  53   8   0   2   1   0   3   3   1   2   2   1   2   2   0  45
15  11   1   1   4   5   5  25   8   0   0   4   1  41  13   1   3   3   0  48   8   0   1   1   0   0   2   1   2   2   0   0   2   1  41
18  12   3   1   3   4   3  30   9   2   1   3   2  49  15   3   3   2   0  49   5   0   2   1   0   2   1   1   3   2   0   0   2   1  41
14  11   1   1   7   1   7  27  10   1   2   7   0  52  18   1   1   6   0  65  13   0   1   2   0   3   2   2   1   1   0   1   0   1  55
9   8   0   1   3   7   4  16   6   2   2   1   8  29  12   2   1   1   5  22   0   1   3   0   0   3   0   0   1   1   1   2   0   0  18
19  12   1   0   6   1   6  35  12   2   0   5   0  62  20   2   3   4   0  69  10   2   2   1   0   1   3   0   3   2   0   2   0   1  59
13  10   1   1   4   0   4  25  10   2   3   4   0  41  12   1   3   2   0  49  10   0   3   1   0   2   2   3   3   2   1   0   2   0  42
7   6   0   3   3   3   4  18   8   2   2   3   0  38  15   1   3   2   0  47   9   0   3   1   1   3   3   1   0   3   0   2   1   2  40
14  10   2   1   2   8   6  19   6   2   2   1   6  31  10   1   2   1   4  23   0   1   1   0   0   1   1   3   2   3   2   1   2   1  20
8   7   2   1   2   8   6  13   5   1   3   2   2  21   8   1   2   1   3  14   0   1   2   0   0   0   3   2   0   3   3   0   0   1  12
8   6   0   1   7   3   6  23  11   2   1   6   0  48  19   1   2   4   0  50   6   0   3   1   0   0   2   0   1   3   2   0   0   2  43
24  16   3   1   6   4   6  37  11   2   2   3   7  52  13   1   2   2   2  62  11   2   3   1   0   3   0   2   2   3   3   1   0   2  53
9  7  1  1  2  8  6  9  3  2  3  0  8  7  2  1  2  0  8  1  0  0  2  0  3  0  0  2  0  3  3  0  0  1  1
16  11   2   1   3   1   3  28   9   2   1   3   1  42  12   0   1   2   0  49   8   2   3   1   0   0   0   1   3   0   2   0   2   0  42
12   9   1   1   4   5   4  21   8   1   1   3   0  36  12   2   2   2   0  45   9   2   1   1   0   0   2   3   0   0   1   0   2   0  38
9   8   1   3   5   0   6  25  12   2   1   5   0  49  18   3   3   3   0  62  12   1   2   1   0   2   1   3   1   3   1   0   2   2  53
19  13   2   1   4   2   4  34  12   3   3   4   0  48  12   2   3   2   0  58  11   1   3   1   0   1   2   2   1   2   2   2   1   0  49
14  10   1   1   5   0   4  29  12   2   0   5   0  54  19   2   2   4   0  62   9   0   2   1   0   0   2   1   0   1   2   0   1   2  52
15  11   2   2   5   0   6  28  10   2   2   5   0  41  12   0   2   3   0  46   8   0   1   1   0   1   1   3   1   3   1   1   1   2  39
11   8   1   3   5   0   5  22  10   1   1   5   0  53  21   3   2   4   0  61   9   0   1   1   0   2   1   1   0   2   1   0   0   0  52
4   5   1   2   2   7   3  13   7   2   1   2   3  20   8   2   1   1   0  25   6   2   3   0   0   3   2   1   3   3   2   2   1   2  21
13  10   1   1   4   3   4  20   7   0   1   4   0  38  15   2   2   3   0  46  10   0   2   1   0   1   3   1   0   1   3   1   2   2  39
14  11   1   2   5   7   6  26   9   1   2   5   4  50  18   1   2   3   0  60  10   1   2   1   0   0   1   2   3   3   1   0   0   1  51
16  11   2   1   5   2   5  27   9   1   1   4   0  46  14   1   3   3   0  56  11   2   2   1   0   0   1   3   1   3   3   1   2   1  48
17  11   1   1   6   6   7  31  11   1   1   6   2  55  19   2   1   4   0  61   8   1   2   1   0   1   3   3   2   1   3   1   2   1  52
9   8   1   1   3   8   6  22  10   1   2   3   6  36  11   2   3   2   0  42   8   2   3   1   0   0   1   1   2   3   1   0   2   2  36
10   9   1   2   6   3   6  23  10   2   2   5   0  49  19   2   2   4   0  52   7   1   2   1   0   0   3   3   2   2   2   0   2   0  44
17  12   1   1   6   0   5  34  13   2   1   7   0  55  17   1   2   5   0  67  12   0   2   2   0   1   2   3   1   0   1   1   2   0  57
8   7   1   0   3   3   4  17   8   1   2   3   0  37  14   2   2   2   0  47  11   1   1   1   0   0   2   2   0   3   1   1   1   1  40
17  11   2   2   4   2   4  27   8   1   2   4   0  45  14   1   2   3   0  50   7   0   1   1   0   1   1   0   2   3   3   2   1   2  43
9   8   1   1   4   2   4  21   9   1   1   4   1  39  14   3   2   2   0  50  10   1   2   1   0   2   1   0   3   3   2   0   0   2  43
14  10   2   1   5   4   6  30  12   2   2   5   1  53  17   1   2   3   0  62  10   1   3   1   0   2   3   3   2   2   3   0   1   0  52
17  12   1   1   5   6   6  30  11   2   0   4   1  46  13   1   2   3   0  54   9   1   1   1   0   0   3   0   2   1   1   0   1   1  46
8   7   0   1   4   1   4  28  13   2   0   5   3  57  20   2   2   3   0  63   9   0   2   1   0   2   0   1   3   3   3   1   2   2  54
16  11   1   0   5   6   6  30  12   2   1   5   0  50  15   1   1   3   0  56   8   0   2   1   0   0   3   3   1   0   2   0   1   1  48
18  12   2   2   5   0   5  34  12   2   1   5   0  59  18   2   1   4   0  65   9   0   2   1   0   0   1   0   0   0   2   0   1   0  55
13   9   0   1   3   1   3  25  10   1   1   3   3  44  14   1   3   2   0  53  10   1   1   1   0   2   0   0   2   3   2   0   0   1  45
14  10   1   1   7   4   7  25  10   1   3   6   1  54  22   2   2   5   3  69  14   0   3   2   0   1   1   3   0   0   3   0   2   0  59
12   9   1   1   6   0   6  24  10   1   2   6   0  50  18   1   1   4   0  55   7   0   3   1   0   1   0   1   1   1   1   1   2   2  47
5   6   1   1   2   8   5  11   6   1   2   2   5  30  14   0   2   2   1  35   8   0   2   1   0   1   1   2   2   2   1   2   1   0  30
14  10   1   1   7   0   7  33  14   2   2   7   0  61  20   2   2   4   0  65   8   2   1   1   0   2   1   3   0   1   1   0   2   1  55
9   7   1   3   3   0   4  19   8   1   2   4   0  46  18   1   1   3   0  50   8   0   1   1   0   2   2   0   2   2   2   0   0   0  43
13  10   2   1   2   8   4  18   7   1   3   2   1  31  10   1   3   1   0  31   4   1   2   0   0   1   3   2   1   3   3   1   1   2  26
22  14   2   0   7   0   7  35  11   2   1   7   0  63  21   2   1   5   0  79  16   1   1   2   0   1   0   3   2   2   2   2   2   0  67
16  12   2   1   6   0   5  30  10   2   2   5   0  56  18   1   1   3   0  59   7   1   2   1   0   2   2   3   2   1   1   1   2   2  50
16  11   1   1   5   6   6  28   9   1   0   4   7  45  15   2   3   2   7  52   9   2   1   1   5   1   0   1   0   3   2   1   2   2  44
12  10   1   0   5   1   6  33  15   3   0   4   0  55  16   1   3   3   0  64  11   2   2   1   1   3   2   0   3   3   0   2   1   2  55
16  11   2   2   3   7   6  28  10   2   2   3   5  40  10   1   2   1   8  42   6   2   2   0   6   3   1   3   0   3   1   1   1   2  36
5   6   1   1   2   5   3   9   5   2   1   1   0  19   9   0   1   1   0  17   2   1   1   0   0   3   3   0   1   3   2   2   1   1  14
18  12   1   1   6   0   6  30  11   2   2   6   0  55  18   2   3   5   0  66  12   1   2   2   0   0   1   1   1   3   2   1   2   1  56
7   7   0   1   5   3   6  21  11   1   0   5   0  48  18   3   2   3   0  55   9   2   2   1   0   0   2   1   2   1   1   0   1   2  47
6   6   0   1   3   8   6  20  11   2   2   3   5  33  11   1   2   2   3  40   8   1   3   1   0   3   1   1   1   3   2   2   2   2  34
10   9   1   1   6   2   6  22   9   1   2   6   5  47  19   1   3   4   0  52   7   0   1   1   0   3   0   2   3   3   2   1   0   2  44
16  11   2   1   6   3   6  32  12   1   1   6   0  54  17   0   3   5   0  65  13   0   2   2   0   3   2   3   3   0   0   1   1   0  55
14  10   1   0   5   3   6  29  12   2   2   5   0  52  17   2   2   3   0  63  12   1   1   1   0   3   3   1   3   2   3   1   2   0  53
20  14   2   1   7   4   7  33  12   1   3   7   4  52  16   2   2   4   6  60   9   0   1   1   1   1   0   2   0   2   2   2   1   1  51
10   8   1   1   5   1   6  26  13   2   0   5   0  46  15   1   1   3   0  54  10   1   2   1   0   1   3   1   0   3   0   0   2   2  46
10   9   2   1   2   8   6  21   8   1   2   2   5  25   5   1   1   0   8  29   6   1   3   0   6   1   1   3   0   2   3   2   1   1  25
13  10   1   0   3   7   6  23   8   1   2   2   7  36  11   2   3   1   0  30   0   0   1   0   0   1   0   0   3   2   3   1   0   0  25
14  10   1   0   7   3   6  26  10   1   1   7   0  51  17   1   1   4   0  60  10   0   1   1   0   0   2   1   0   0   0   0   1   0  51
11   8   1   1   6   0   6  32  15   2   1   6   0  49  14   1   3   4   0  65  13   0   3   2   0   0   2   1   2   2   0   0   1   0  56
10   8   1   1   3   8   6  21   9   2   2   3   3  39  14   2   2   2   3  51  12   1   1   1   5   1   1   1   0   3   0   2   1   2  44
0  0  3  1  0  8  6  0  0  2  2  0  4  0  3  3  1  0  0  0  0  0  2  0  0  2  2  1  2  3  2  0  2  2  0
14  10   1   1   7   4   7  35  14   2   1   7   3  64  21   2   2   5   0  84  16   2   1   2   0   0   0   2   3   1   0   0   0   1  72
11   9   1   1   5   2   6  27  12   2   1   6   0  56  21   2   2   5   0  68  13   2   3   2   0   0   2   3   1   3   1   0   2   2  58
14  10   1   1   6   3   6  31  12   2   3   5   0  55  19   3   1   3   0  61   8   1   2   1   0   3   3   3   2   0   1   2   1   0  52
18  13   2   1   5   0   5  33  11   1   1   5   0  50  14   1   2   3   0  61  11   1   3   1   0   1   1   2   1   3   3   2   0   1  52
15  10   1   1   7   3   6  28  10   1   0   6   3  45  14   0   1   3   3  51   7   0   1   1   3   2   0   1   0   1   0   0   1   2  43
11   9   1   1   5   2   5  29  13   3   1   5   0  54  19   2   2   3   0  61  10   2   2   1   0   3   2   3   1   3   2   0   2   1  52
10   9   0   1   4   2   4  26  11   2   3   4   0  41  12   1   3   2   0  49  10   1   3   1   0   1   1   2   2   2   3   1   0   0  42
14  10   1   2   5   7   6  18   6   1   1   2   8  30  10   3   2   1   2  25   0   0   2   0   0   2   0   3   3   2   2   0   2   0  21
14  11   1   2   7   1   6  28  10   1   1   7   0  48  16   0   3   4   0  60  12   1   1   1   0   3   1   0   2   2   3   2   1   0  51
10   8   1   1   6   1   6  27  12   2   1   5   0  48  16   1   2   3   0  62  12   2   1   1   0   3   3   0   2   3   1   1   1   2  52
13  10   1   2   6   1   6  30  13   2   3   6   5  61  22   2   2   5   1  68  10   1   1   1   0   3   0   3   3   1   2   1   1   1  58
11   9   1   0   3   0   3  24  11   2   0   3   0  40  13   1   2   2   0  46   8   1   2   1   0   0   2   1   0   3   2   0   2   1  39
10   8   1   1   3   0   3  25  11   3   3   3   0  43  14   2   2   2   0  49   8   1   2   1   0   0   1   2   1   2   3   1   1   1  42
13  10   1   1   5   4   5  26  10   1   2   5   0  42  13   1   2   3   0  48   9   0   2   1   0   3   2   3   3   3   0   0   2   2  41
12   9   1   2   3   0   3  21   8   1   1   3   0  37  13   1   1   2   0  43   8   1   2   1   0   1   2   1   3   3   3   2   1   0  37
9   8   2   0   2   7   4  19   8   2   3   2   2  33  11   2   2   1   0  31   3   0   1   0   0   1   2   2   3   1   1   2   0   2  27
21  14   2   1   6   5   6  32   9   1   2   5   4  56  18   3   2   4   0  64  10   2   1   1   0   1   0   1   3   0   3   2   1   1  55
15  10   1   1   5   0   5  26   9   1   3   5   0  49  16   2   2   3   0  56   9   0   2   1   0   0   1   2   3   3   3   0   0   2  47
11   9   1   1   4   2   5  23  10   2   0   3   0  44  17   2   2   3   0  52   9   2   1   1   0   3   3   1   3   2   0   2   2   1  45
1  3  1  0  1  8  6  4  5  2  1  1  7  6  3  1  2  0  7  1  0  1  1  0  2  0  0  1  0  0  1  0  1  0  1
11   9   1   2   4   2   5  26  11   1   1   4   0  41  13   1   2   3   0  45   7   0   2   1   0   1   2   0   1   1   2   1   0   2  38
2   4   2   1   1   8   6  11   7   2   3   1   6   7   2   1   2   0   1   2   0   0   2   0   0   1   2   3   2   1   2   1   1   2   2
12   9   1   1   3   0   3  25  10   2   1   3   0  41  12   2   2   2   0  49   9   1   2   1   0   1   1   2   3   0   1   2   0   0  41
14  10   1   1   5   6   6  26  10   1   1   5   0  50  17   2   2   4   0  60  10   0   3   1   0   1   3   2   3   1   3   2   0   1  51
16  12   3   1   3   7   4  31  12   2   1   3   2  52  17   2   1   2   2  64  11   2   1   1   0   1   1   1   0   1   3   2   2   1  54
2   3   1   3   1   8   4  12   8   2   1   1   5  10   2   1   1   0   0  15   6   1   1   0   0   2   2   1   1   0   0   0   1   0  13
15  10   1   1   5   5   6  27  10   2   3   5   1  49  17   2   2   4   2  55   8   0   1   1   0   2   2   3   0   2   1   0   2   0  47
22  15   3   2   6   0   6  36  11   2   2   6   0  62  20   2   2   4   0  68  10   0   1   1   0   1   3   3   2   2   2   2   1   0  58
17  12   2   2   6   2   5  28  10   1   2   5   5  47  15   2   2   3   0  57  11   1   2   1   0   3   0   2   3   2   0   2   1   0  49
7   6   0   0   5   7   7  18   9   2   1   2   8  30  10   1   1   1   5  25   2   1   1   0   0   3   0   2   3   3   3   2   1   1  21
13  10   0   1   5   4   5  24  10   1   1   6   3  48  19   2   3   4   2  57  10   1   2   1   3   0   0   0   0   1   0   1   0   2  49
8   7   0   2   5   0   4  22  11   2   3   4   0  41  15   1   3   3   0  50   9   0   2   1   0   2   2   2   3   3   3   0   0   1  43
11   8   0   1   6   5   6  28  12   2   2   7   3  47  15   1   3   4   6  56  10   1   3   1   3   2   2   2   0   2   1   0   0   0  48
13  10   2   3   4   7   6  27  11   2   1   4   3  46  16   1   2   3   0  50   7   1   2   1   0   3   1   2   3   3   2   2   0   1  42
9   8   0   1   3   6   4  26  11   3   2   3   2  43  13   2   1   2   0  35   0   0   1   0   0   3   3   0   1   1   0   1   0   2  29
9   8   1   1   5   7   6  25  13   2   1   5   3  48  17   1   3   4   0  56   9   1   2   1   0   3   1   3   2   3   3   1   1   2  48
13  10   1   1   3   4   3  29  12   3   0   3   0  48  14   2   1   2   0  53   8   0   3   1   0   0   2   1   1   1   1   0   2   2  45
11   9   1   1   5   7   6  24  10   1   0   5   3  47  17   1   2   3   2  60  12   2   1   1   1   3   3   0   0   0   1   2   0   1  51
6   5   1   1   1   8   3  13   6   2   3   1   3  28  11   1   2   1   0  27   3   0   3   0   0   0   2   3   2   3   3   1   1   2  23
16  11   1   1   4   7   6  29  11   1   1   4   2  44  14   3   3   2   0  54  10   0   1   1   0   0   2   2   2   2   0   1   0   0  46
10   8   1   1   3   5   3  19   8   1   2   3   4  43  17   3   2   2   0  51   9   1   1   1   0   0   0   3   3   1   1   0   2   1  43
15  10   1   1   5   5   6  26   9   1   2   6   2  55  20   2   2   4   3  55   6   0   3   1   6   2   2   1   0   3   0   0   2   1  47
16  11   2   1   5   3   6  27   8   1   2   4   5  46  15   2   2   2   1  56  10   1   1   1   0   1   0   3   1   2   2   2   2   1  47
5   6   1   1   2   7   5  10   6   1   1   2   1  33  16   1   1   2   0  41   8   1   1   1   0   0   2   2   2   0   0   0   0   0  35
14  10   1   1   5   0   6  30  13   2   1   5   0  55  18   2   1   3   0  55   6   0   3   1   0   3   3   0   3   1   0   0   0   1  47
9   7   0   1   5   3   6  21  10   1   1   5   3  38  14   0   1   3   3  53  12   1   2   1   0   3   0   0   0   3   1   2   0   2  45
21  15   3   1   6   3   6  38  13   3   2   6   0  63  19   1   1   4   0  67   7   1   2   1   0   0   2   0   3   1   2   1   1   2  57
13  10   1   1   3   2   3  25  10   2   0   3   0  50  18   2   1   2   0  56   9   2   1   1   0   1   1   0   1   0   2   1   1   0  48
15  10   1   0   3   7   6  25   9   2   1   2   7  34   8   1   1   1   0  33   4   1   3   0   0   1   0   1   3   3   1   0   2   2  28
14  10   1   1   7   3   6  30  12   2   3   6   1  56  18   1   1   4   3  58   6   0   2   1   2   2   1   3   0   0   0   0   1   0  49
14  10   1   1   4   3   4  23   8   1   2   4   0  46  16   1   3   3   0  51   8   0   2   1   0   0   2   1   2   2   3   0   1   1  44
14  10   1   1   6   4   6  25   9   1   0   6   1  46  15   1   1   4   1  48   5   0   3   1   1   1   2   0   0   2   0   2   0   0  41
13   9   1   1   7   2   6  29  12   1   1   7   0  55  19   1   2   4   0  63  10   1   1   1   0   1   3   2   1   1   1   2   1   2  53
15  10   1   1   6   2   5  27  10   1   2   5   0  52  19   1   1   3   0  60  10   0   1   1   0   1   3   0   2   0   3   1   1   1  51
16  11   2   2   4   3   5  28  10   2   2   4   0  39  12   0   1   2   0  44   7   1   3   1   0   1   1   2   1   2   2   1   0   0  37
16  11   2   1   6   1   6  29  10   1   1   5   0  49  17   1   2   4   0  55   8   1   2   1   0   0   1   3   3   3   0   0   1   2  47
11   8   1   3   5   6   7  23  10   1   2   4   2  38  13   0   2   3   5  48   9   0   2   1   1   3   1   3   0   1   1   1   2   2  41
12  10   2   1   5   0   6  25  10   1   1   4   0  47  16   2   2   3   0  53   9   1   2   1   0   2   1   0   1   1   3   0   0   2  45
16  11   1   1   6   0   6  33  12   2   0   6   0  65  22   2   2   5   0  85  17   2   1   2   0   2   3   1   2   1   2   0   1   2  72
11   8   0   1   4   7   6  26  11   2   3   4   4  39  12   1   3   2   1  47   9   0   2   1   0   2   1   3   1   3   1   0   2   2  40
18  12   2   1   4   5   4  32  11   2   0   4   0  52  16   1   2   3   0  54   6   0   3   1   0   2   2   1   0   3   3   0   0   1  46
5   6   0   1   3   4   4  12   6   1   1   2   1  18   7   1   3   1   0  19   5   1   3   0   0   0   1   3   3   2   1   1   2   0  16
16  12   2   1   6   1   6  27   9   1   1   6   0  48  16   2   2   4   0  56   9   1   2   1   0   1   3   3   1   1   2   1   1   1  47
6   7   1   1   2   3   3  14   8   1   0   2   0  22   7   1   2   1   0  19   2   0   1   0   0   2   2   1   0   2   2   0   2   0  16
19  13   2   1   4   0   4  26   7   0   1   4   0  48  16   1   2   3   0  56   9   0   2   1   0   3   1   1   3   1   0   2   2   1  48
7   6   1   0   1   8   5  11   5   1   2   1   4  16   6   2   2   0   1  13   2   1   3   0   0   1   2   3   2   2   3   2   2   0  11
19  13   2   1   5   5   6  33  11   2   1   6   0  60  20   1   1   4   0  68  11   0   2   1   0   0   1   3   1   1   3   1   0   1  58
14  10   2   1   4   6   6  28  10   2   3   5   1  44  13   1   3   3   0  50   9   0   2   1   0   3   2   3   3   2   2   0   2   0  43
9   7   1   1   2   7   4  19   8   2   1   2   4  37  14   2   1   2   0  52  12   2   2   1   0   0   1   1   2   3   0   0   1   2  44
11   8   1   3   7   2   6  27  12   2   2   6   0  54  20   2   2   4   0  57   7   1   1   1   0   3   2   2   3   3   0   0   0   0  48
17  13   3   2   6   3   6  35  13   2   1   5   6  62  19   1   1   4   3  64   8   1   2   1   4   2   0   3   2   1   0   0   1   1  54
17  12   1   0   4   5   4  30  11   2   0   4   0  47  13   1   2   2   0  51   7   0   1   1   0   2   3   1   2   2   3   0   1   1  43
20  14   3   1   5   6   6  34  11   1   1   5   0  55  16   0   2   4   0  70  14   2   1   1   0   1   2   0   3   3   1   2   1   2  60
17  12   1   1   7   1   6  32  12   2   1   6   4  52  17   1   3   4   4  58   8   0   2   1   0   3   0   1   0   3   3   2   2   2  50
20  13   2   1   6   5   6  33  11   1   2   7   0  64  22   2   1   5   0  72  10   2   1   1   0   2   2   3   0   2   2   0   1   1  62
16  11   1   1   6   5   7  31  12   2   1   6   1  50  15   1   2   4   0  49   5   0   1   1   0   3   2   0   3   3   3   2   1   2  42
5   6   1   2   2   8   7  11   7   1   3   2   3  26  11   2   3   2   0  36   9   1   3   1   0   2   3   3   2   3   1   0   1   2  31
14  10   1   0   3   8   6  22   8   2   2   2   3  29   9   0   2   1   0  22   0   1   2   0   0   0   2   1   1   1   3   0   2   1  19
16  11   1   1   6   1   6  25   9   2   3   5   0  55  20   1   2   4   0  56   6   0   2   1   0   2   3   3   1   1   3   0   2   1  48
16  11   2   1   5   0   4  28  10   2   2   5   0  54  20   2   2   4   0  56   7   2   1   1   2   2   0   3   2   3   0   0   1   2  47
8   7   1   1   2   7   4  14   7   2   2   2   1  23   8   2   2   1   0  24   4   1   3   0   0   1   3   0   1   2   0   2   0   0  20
20  13   3   1   5   2   5  34  11   2   2   5   0  56  17   1   1   4   0  69  13   2   2   1   0   3   1   2   3   3   1   2   0   1  59
19  13   3   3   5   5   6  31  11   2   1   5   1  51  16   1   1   4   0  60  11   0   1   1   0   2   3   0   1   3   2   0   0   2  51
5   5   0   3   3   7   5  13   7   1   2   3   4  34  15   1   1   2   3  48  12   1   2   1   0   2   1   0   0   2   1   1   0   0  40
10   8   0   0   4   5   5  28  12   2   1   4   0  50  16   2   1   3   0  60  11   1   3   1   0   0   3   0   1   0   1   0   0   0  51
12   8   1   3   4   4   5  26  11   2   0   4   0  48  16   2   2   2   0  52   8   0   3   1   0   2   2   1   1   3   1   1   1   2  44
12   9   2   1   3   4   3  21   8   1   1   3   0  37  13   2   3   2   0  41   7   1   2   1   0   3   3   3   2   3   2   2   2   2  34
2   4   0   2   1   8   3   5   4   1   1   1   3  18  10   2   2   1   0  11   0   1   1   0   0   2   3   2   1   1   3   0   1   2   9
10   7   1   0   2   8   5  22   9   2   3   2   2  35  11   3   2   1   1  26   0   2   3   0   0   1   3   3   1   3   1   1   1   1  22
6   7   0   1   4   0   4  23  12   2   1   4   0  46  17   2   2   3   0  52   7   1   2   1   0   0   1   0   1   2   3   0   0   0  45
24  16   2   0   5   1   6  34   9   0   1   5   0  54  15   0   2   3   0  66  11   1   3   1   0   1   1   1   2   3   2   2   2   2  56
7   6   0   2   5   5   5  22  11   2   1   4   0  47  18   1   2   3   0  54   9   1   1   1   0   3   2   2   3   1   0   2   0   2  46
8   7   3   1   1   8   4  12   5   1   1   1   3   8   0   2   1   0   1   8   3   0   1   0   4   0   2   3   1   2   0   0   2   0   7
13  10   2   3   4   6   5  31  12   2   1   4   1  50  15   1   3   3   0  54   7   0   3   1   0   2   3   0   1   2   3   1   0   0  46
10   7   0   1   3   5   3  20   8   1   2   2   1  31  10   1   2   1   0  25   1   1   2   0   0   3   1   1   1   0   1   2   2   0  21
13  10   0   2   7   1   6  26  10   2   1   6   0  53  21   2   2   5   0  61  11   0   3   2   0   1   2   2   1   3   0   2   0   1  51
8   7   1   2   3   6   5   6   2   1   1   0   8  12   5   2   3   0   6   7   0   0   3   0   0   2   0   1   2   2   2   0   2   1   6
10   9   1   3   4   7   5  24  11   2   1   4   3  40  14   1   2   3   0  47   8   1   3   1   0   2   2   0   2   2   2   0   0   1  40
11   9   0   1   5   4   6  22   9   1   3   4   0  41  14   2   1   2   0  56  13   1   1   1   0   0   1   3   2   1   1   1   1   2  48
14  10   2   2   6   2   6  29  11   2   3   7   0  50  16   1   2   5   0  61  12   1   2   2   0   3   3   2   1   0   1   1   0   0  52
8   7   1   1   2   7   3  17   8   2   1   2   2  28   9   2   1   1   0  29   5   0   2   0   0   1   1   1   3   1   2   1   1   2  25
11   8   0   1   3   7   5  17   7   1   2   3   3  37  15   2   1   2   0  55  15   2   1   1   0   2   3   2   3   0   1   1   1   0  47
13  10   1   1   6   4   6  27  10   2   2   6   0  47  15   1   1   4   0  49   7   1   2   1   0   1   3   3   0   3   1   2   1   2  42
13   9   2   1   3   7   6  23   8   1   2   3   4  37  12   1   2   2   0  42   7   1   2   1   0   0   1   3   2   2   0   1   1   0  36
17  12   2   2   5   4   6  32  11   2   1   4   0  48  14   0   2   3   0  51   7   0   3   1   0   2   1   2   1   1   2   0   1   1  43
14  10   1   2   6   2   5  28  12   2   3   6   2  44  14   1   3   4   0  55  11   0   3   2   0   3   1   3   2   3   1   2   2   2  47
12   9   1   1   5   0   6  24  10   2   2   4   0  48  18   2   1   2   0  41   0   1   2   0   0   3   3   3   1   0   1   2   1   1  35
11   9   1   1   6   4   5  24  10   1   0   7   0  47  18   1   2   4   0  50   7   0   2   1   0   0   3   3   2   0   3   0   2   0  42
14  10   1   1   4   3   4  30  12   2   1   5   0  54  18   1   2   4   0  61   8   0   2   1   0   3   1   3   2   1   1   2   2   2  52
20  14   2   1   5   6   6  31   9   1   2   6   0  52  16   1   2   3   0  55   8   0   2   1   0   1   3   1   3   3   3   2   1   2  47
12   9   1   0   4   5   4  26  11   3   1   3   0  39  11   1   2   2   0  43   6   0   2   1   0   1   3   1   2   3   3   2   2   1  37
8   8   1   3   4   0   4  21  10   1   1   3   0  39  14   2   2   2   0  47   9   0   1   1   0   3   3   1   1   3   1   0   2   1  40
17  12   3   0   2   4   3  25   9   2   2   2   0  45  14   2   1   2   0  53   8   1   2   1   0   1   1   3   2   1   0   2   2   2  45
19  13   2   3   6   0   6  34  11   1   0   5   0  64  21   2   2   4   0  69   8   0   2   1   0   3   0   0   3   2   3   2   0   1  58
13   9   1   0   4   5   4  21   8   1   1   3   0  40  14   1   2   2   0  43   7   0   1   1   0   0   3   0   3   3   1   0   1   1  36
16  12   2   1   6   1   6  33  13   2   1   6   0  61  20   1   2   4   0  74  13   1   2   2   0   2   3   2   2   0   1   0   0   0  63
13   9   1   2   5   6   6  24  10   1   1   5   1  54  20   2   1   3   0  54   7   0   3   1   0   3   2   0   1   1   2   2   0   1  46
14  10   1   2   6   3   6  33  14   2   1   6   1  59  21   2   1   4   1  69  10   1   1   1   0   1   1   0   0   0   2   0   0   1  59
13   9   1   1   5   2   5  29  12   2   1   5   0  61  22   2   2   4   0  63   7   1   2   1   0   3   1   1   2   1   0   2   0   1  54
11   9   1   1   4   7   6  21   9   2   1   3   6  38  12   1   2   2   2  46   9   2   2   1   0   3   2   2   1   3   3   2   1   2  39
16  11   1   1   4   1   4  32  12   2   1   3   0  48  14   1   2   2   0  57   9   0   1   1   0   2   2   1   3   2   2   0   1   0  48
11   8   1   0   3   6   4  21   8   1   1   3   5  34  11   1   3   2   1  43  10   1   3   1   3   0   0   3   1   3   0   0   1   2  37
17  12   3   3   4   2   4  30  10   1   2   4   0  50  16   2   2   3   0  56   9   1   2   1   0   2   1   3   1   1   2   0   1   0  48
22  15   2   0   6   3   6  39  12   2   1   6   2  63  19   2   2   4   0  64   6   0   3   1   0   0   0   1   1   1   0   0   2   0  54
18  12   2   1   6   0   6  35  13   2   2   5   0  57  17   1   2   3   0  59   6   0   1   1   0   0   0   1   0   1   1   0   2   2  50
12   8   1   2   2   7   4  17   6   1   3   1   3  24   8   2   1   1   0  16   0   1   3   0   0   1   2   2   2   0   3   2   0   0  14
22  15   3   1   7   0   6  27   6   0   3   7   0  54  20   1   1   4   0  64  10   0   2   1   0   2   1   3   1   2   0   0   2   0  55
15  11   1   1   6   5   7  32  13   2   1   6   5  49  15   1   2   4   0  61  12   2   1   1   0   0   0   1   3   3   2   0   2   2  52
16  12   2   2   5   0   6  31  12   3   2   5   0  48  13   0   3   3   0  59  11   1   1   1   0   3   0   2   1   3   1   2   0   1  50
13  10   1   1   4   6   6  23   9   1   1   4   2  50  19   2   2   3   0  54   8   2   1   1   0   3   2   3   3   3   2   2   2   2  46
11   8   1   2   2   7   4  27  12   2   1   3   3  44  13   2   2   2   0  49   8   1   2   1   0   3   1   3   3   1   3   2   1   1  41
10   8   0   0   6   4   6  31  14   2   3   6   0  58  20   1   1   4   0  60   7   1   2   1   0   0   3   3   2   0   1   0   2   0  51
16  12   2   1   4   1   4  26   8   0   2   4   3  44  14   1   3   3   0  54  10   1   3   1   0   3   0   1   3   2   1   1   2   1  46
12  10   1   0   6   0   6  24   9   1   2   5   0  49  18   2   2   4   0  51   6   0   1   1   0   1   2   1   1   1   3   2   1   2  43
17  12   1   0   7   3   7  32  12   2   2   6   5  63  22   2   1   4   2  70   9   0   1   1   2   2   0   1   1   3   1   0   0   2  60
13   9   1   2   5   5   5  25  11   2   1   5   0  55  21   2   1   3   0  64  11   1   1   1   0   0   2   1   0   2   0   0   2   0  54
11   9   1   3   3   5   4  22   9   1   1   4   2  49  19   2   2   3   1  51   6   0   2   1   0   3   2   1   0   3   1   1   2   1  44
9   8   1   1   3   7   6  23  10   2   2   2   3  40  13   2   1   2   0  50  11   1   2   1   0   3   3   3   1   1   2   1   2   1  43
7   7   0   1   4   7   7  18   9   2   2   3   6  32  12   1   1   2   1  42  10   0   1   1   0   2   2   0   2   2   1   0   0   1  36
20  13   2   1   3   5   3  29   8   1   0   3   0  44  13   2   2   2   0  43   4   1   1   0   0   3   3   1   3   2   1   2   1   1  37
16  11   1   1   7   1   6  37  15   2   1   7   0  66  21   2   2   5   0  70   8   0   1   1   0   3   2   2   3   3   2   2   0   2  59
13  10   2   2   5   3   6  26  11   2   0   5   4  49  17   1   2   3   0  57   9   1   2   1   0   2   0   0   1   3   2   1   0   1  48
21  15   2   0   5   4   6  34  11   2   2   4   0  62  20   2   2   3   0  64   6   1   2   1   0   1   2   0   0   1   0   2   0   2  55
12   9   1   0   4   4   4  25  10   1   2   4   0  40  13   1   2   2   0  54  13   1   1   1   0   0   1   1   1   1   0   0   1   2  46
14  11   2   3   4   3   4  24  10   2   2   5   3  41  14   1   2   3   0  43   6   1   3   1   0   0   0   1   3   2   2   0   1   0  37
16  11   1   1   4   7   6  26   9   2   2   3   1  42  14   2   1   2   0  47   7   0   2   1   0   1   2   3   1   3   0   2   2   2  40
15  10   2   1   4   7   6  30  12   2   1   4   1  47  14   2   1   2   4  59  12   1   1   1   3   0   3   2   0   0   0   1   1   0  50
13  10   2   3   3   2   4  26  10   2   3   3   5  39  11   2   3   1   7  33   0   1   2   0   0   2   0   2   0   2   3   1   0   0  28
13   9   1   1   3   8   6  17   6   1   1   2   4  31  12   2   2   1   0  31   4   0   2   0   0   0   1   1   3   3   2   0   2   2  26
8   7   2   2   2   8   5  13   5   1   3   1   7  26  11   3   2   1   3  25   4   1   3   0   0   0   0   3   1   2   3   0   1   0  21
16  12   1   0   6   2   6  29  10   1   1   6   0  49  16   1   2   4   0  49   5   0   1   1   0   1   1   1   1   3   3   1   2   2  42
11   9   1   1   6   5   6  27  12   2   2   5   6  50  16   2   2   4   0  60  10   1   2   1   0   3   0   0   3   2   2   2   1   0  51
9   7   1   2   3   0   3  24  11   2   1   3   0  44  15   1   3   2   0  52   9   0   2   1   0   3   2   3   0   3   3   2   0   2  44
17  11   3   2   4   0   4  34  12   2   1   4   1  57  17   2   2   3   0  59   6   0   1   1   0   3   0   1   1   2   3   2   2   1  50
9   8   1   3   4   3   4  19   8   1   2   5   0  40  14   1   2   3   0  53  11   0   2   1   0   2   3   3   2   3   0   0   2   1  45
9   7   0   3   5   0   6  25  11   2   3   5   0  42  14   1   2   3   1  49   9   0   3   1   0   2   0   3   0   0   0   1   2   0  41
16  12   2   0   4   1   4  29  11   2   1   4   1  50  16   2   1   3   2  50   5   0   2   1   0   1   0   2   0   0   3   1   0   0  42
15  10   1   1   6   0   6  25   9   2   3   5   0  44  15   2   3   3   0  58  12   1   2   1   0   1   3   0   0   2   1   2   1   1  49
21  14   2   0   4   4   5  34  10   2   3   4   2  52  15   1   2   3   0  53   6   0   1   1   0   3   2   2   1   3   1   0   0   2  45
15  11   2   1   3   6   3  34  13   2   0   4   1  52  15   0   2   3   0  59  10   1   1   1   0   3   3   1   3   3   1   2   2   0  50
13   9   1   3   5   6   6  19   6   1   1   2   8  22   4   2   2   0   8  15   0   1   3   0   3   2   0   3   1   2   2   0   1   0  13
16  11   2   2   5   0   5  31  11   2   1   5   0  59  20   2   1   4   0  64   8   0   3   1   0   3   3   1   3   3   0   2   1   2  55
8   7   0   1   6   3   6  23  12   2   3   6   0  44  15   1   2   4   1  52   8   1   2   1   0   1   1   3   0   3   2   2   1   2  44
3   5   1   0   1   8   6   5   3   1   1   1   6  17   9   1   1   1   2  14   2   0   2   0   4   1   1   0   1   3   0   2   0   2  12
14  10   1   1   7   0   6  24   9   1   2   7   0  46  17   1   2   5   0  58  12   1   2   2   0   2   2   1   3   1   2   0   1   1  49
16  11   1   1   7   1   6  34  13   3   1   7   0  51  14   0   3   5   0  68  14   2   2   2   0   1   1   3   1   3   3   1   2   2  58
12   9   0   3   5   6   6  23   9   1   2   5   4  52  20   2   3   4   0  59   9   0   2   1   0   3   3   1   3   2   3   1   2   0  50
7   6   0   0   5   6   6  27  14   2   1   5   0  58  21   2   2   4   0  65   9   1   2   1   0   1   3   3   0   0   3   1   2   0  55
12  10   1   3   6   3   6  20   8   1   1   6   0  43  17   1   2   4   0  51   9   0   2   1   0   2   2   1   3   1   1   1   2   1  43
12   9   0   1   4   5   4  23  10   2   2   4   0  49  19   2   1   3   0  55   8   0   1   1   0   1   2   1   0   2   0   1   2   0  47
13  10   2   2   6   5   7  27  11   2   3   6   0  47  15   0   1   4   0  51   8   0   1   1   0   2   1   3   3   1   3   0   1   2  44
14  10   1   0   2   8   5  25  10   2   1   2   2  40  11   1   2   1   0  41   6   2   1   0   0   0   3   0   1   3   0   0   0   2  35
11   8   1   0   4   0   3  16   6   1   3   3   0  39  16   2   1   2   0  43   6   2   2   1   0   0   3   3   1   3   1   0   2   2  36
14  11   2   3   4   7   6  22   8   3   2   2   8  32  10   2   3   1   3  26   0   1   3   0   0   2   0   1   2   3   3   0   2   2  22
12   9   1   2   3   1   3  18   6   1   2   2   0  27  10   1   1   1   0  23   0   0   2   0   0   3   2   1   2   0   2   2   1   1  19
8   7   1   2   3   8   7  22  10   2   1   3   5  41  15   3   2   2   0  50  10   2   3   1   0   0   0   3   1   3   3   0   1   1  43
11   9   1   2   4   2   4  28  12   3   1   4   0  54  19   3   2   3   0  60   8   2   1   1   0   3   3   3   2   3   3   2   2   2  51
20  14   2   1   6   2   6  37  13   1   1   6   2  60  18   2   1   4   5  63   7   0   2   1   5   1   0   3   0   3   0   2   2   2  54
8   7   1   1   1   8   6  12   5   1   1   1   6  28  12   2   2   1   2  22   0   1   2   0   0   0   1   1   1   0   2   0   2   1  19
12   9   1   0   3   2   4  26  11   2   1   3   0  37  12   1   2   2   0  41   7   0   2   1   0   0   1   1   0   1   2   0   2   2  35
10   8   1   1   4   5   4  21   8   1   2   4   0  43  15   1   2   3   0  48   7   0   2   1   0   1   3   1   0   2   3   1   1   0  41
15  11   1   1   6   0   6  31  12   2   2   6   0  57  20   2   2   5   0  72  14   1   2   2   0   0   0   3   0   0   3   0   1   0  61
9   8   0   0   7   3   7  26  12   1   0   6   0  53  19   1   3   5   0  55   7   1   3   1   0   0   3   1   3   0   1   0   1   1  47
14  10   1   2   5   4   6  25  10   2   2   4   5  47  16   1   1   2   6  53   8   1   2   1   3   0   0   1   0   0   3   0   2   1  45
21  14   2   0   6   5   6  28   6   2   2   1   8  21   0   2   1   0   5  21   3   1   2   0   4   3   0   3   2   1   0   1   2   1  18
17  12   2   0   3   7   6  27   9   2   1   3   3  54  19   2   1   2   4  63  11   0   1   1   4   0   3   1   0   0   0   0   2   1  54
15  11   2   1   6   5   6  29  11   2   0   5   6  50  16   2   2   3   1  58   9   2   1   1   3   1   0   1   2   3   0   1   1   1  49
18  13   2   1   6   5   6  30   9   1   0   5   0  52  16   1   1   3   0  55   7   1   1   1   0   2   2   1   0   1   1   1   2   1  47
12   9   1   1   6   1   6  29  12   2   1   6   0  56  20   1   1   4   0  60   8   0   3   1   0   3   1   3   3   3   2   2   2   0  51
20  13   2   1   7   1   7  31   9   1   3   6   0  57  20   2   3   5   0  63   9   0   3   1   0   2   3   1   1   3   2   0   1   2  53
18  12   3   2   4   0   4  31  10   2   2   4   0  54  17   2   3   3   0  58   8   0   2   1   0   0   0   1   3   3   3   1   2   2  50
21  14   2   2   6   2   5  40  14   2   1   5   0  67  21   3   1   4   0  78  11   1   2   1   0   3   2   1   3   3   1   0   2   2  66
21  14   2   2   7   1   7  38  13   2   1   7   0  65  20   2   3   4   0  69   8   0   3   1   0   3   2   1   2   3   0   1   1   2  59
14  10   1   1   3   7   6  26  10   2   2   3   3  42  12   2   2   2   4  36   1   0   1   0   8   3   2   2   0   2   0   1   1   0  31
10   8   2   3   3   8   5  16   6   1   2   2   5  28  10   2   2   1   3  22   0   2   3   0   0   2   1   3   1   0   1   1   1   0  19
12   9   1   1   5   0   4  27  12   2   1   5   0  57  20   2   1   3   0  60   8   0   3   1   0   3   3   1   3   1   0   2   1   2  51
7   6   0   1   3   6   3  16   8   1   2   3   1  33  14   1   2   2   1  37   7   2   3   0   0   0   1   0   0   3   3   0   1   1  32
10   8   0   1   6   3   6  23  10   1   1   6   0  51  19   2   3   5   0  50   5   0   2   1   0   3   3   2   2   3   1   0   1   0  43
21  14   2   0   7   4   7  32  11   2   3   7   5  54  17   1   2   5   3  64  11   0   2   2   1   1   0   3   3   3   1   2   1   0  54
12   9   1   1   4   3   4  18   6   0   3   3   6  39  16   2   1   2   3  48  10   2   2   1   0   3   0   2   2   1   2   1   0   2  41
9   8   1   2   3   5   3  17   8   1   2   3   3  29  10   0   2   2   0  42  12   1   2   1   0   2   1   3   2   2   3   0   2   0  36
14  10   1   0   5   4   6  30  12   2   1   5   0  53  18   2   1   3   0  59   9   1   2   1   0   1   3   2   2   3   3   2   1   2  51
15  11   2   2   4   4   4  25   9   1   1   5   0  50  19   2   1   3   0  53   8   1   3   1   0   0   2   3   3   3   1   0   2   1  45
10   8   1   0   3   6   4  21  10   1   1   3   2  45  17   2   2   2   0  35   0   1   1   0   1   1   1   3   1   2   0   2   2   0  30
14  11   1   2   6   5   6  32  14   2   1   6   2  53  17   2   2   4   0  62  10   1   2   1   0   3   1   1   1   2   0   2   1   1  52
12   9   2   1   3   7   4  24   9   2   3   3   5  44  15   2   2   2   2  58  13   2   2   1   0   0   0   2   1   3   2   0   0   1  50
11   8   1   3   4   6   5  24  10   1   1   4   1  44  15   1   1   3   1  50   8   2   2   1   0   2   1   0   0   2   1   0   1   1  42
16  11   1   0   7   2   6  33  13   2   1   6   2  55  18   2   2   5   0  70  14   1   1   2   0   0   0   1   1   1   0   0   2   2  59
13   9   1   1   3   8   6  22   8   1   2   3   1  45  17   2   1   2   0  52   8   1   1   1   0   1   3   3   2   1   3   2   2   2  44
10   9   1   2   4   2   4  27  12   2   3   4   3  49  16   2   2   3   0  57   8   0   1   1   0   1   0   3   2   0   2   2   1   1  49
16  11   2   0   3   8   6  23   7   1   3   2   7  16   0   1   2   0   8   8   0   0   2   0   3   0   0   3   0   2   3   0   1   1   7
16  12   2   1   5   0   6  29  10   1   1   4   0  50  16   2   2   3   0  52   7   0   3   1   0   0   3   3   3   3   0   1   0   2  44
11   9   1   3   5   4   5  21   8   2   1   3   7  31  10   2   2   1   6  28   2   0   1   0   3   3   0   0   0   3   1   1   0   2  23
10   7   3   1   1   8   6  18   7   2   3   1   7  25   7   1   3   1   2  19   0   1   2   0   0   1   1   3   3   3   2   1   2   2  17
11   8   1   1   3   7   4  21   8   1   1   3   3  44  17   2   2   3   0  54   9   1   1   1   0   1   2   1   2   3   0   2   0   2  46
0  0  1  0  0  8  6  0  2  2  1  0  3  0  0  2  2  0  0  2  3  2  2  0  0  1  2  1  1  2  2  2  2  0  2
19  14   2   1   5   1   4  32  10   2   3   5   0  52  16   1   2   3   0  55   6   1   1   1   0   1   2   1   1   3   1   2   2   1  47
15  11   1   1   5   5   5  32  12   2   2   4   0  53  16   1   2   3   0  54   6   2   2   1   0   3   3   3   1   3   2   0   2   1  46
9   8   1   3   3   5   4  25  12   3   1   3   0  48  16   1   2   2   0  58  10   1   3   1   0   0   1   1   2   0   2   0   2   0  49
17  12   2   1   5   6   6  27   9   1   2   5   3  47  16   1   2   3   0  54   9   0   2   1   0   1   1   0   1   0   1   1   1   0  46
10   7   0   2   5   6   7  21   8   1   3   4   7  38  13   1   2   2   4  49  11   1   2   1   0   1   0   2   1   0   1   1   0   0  42
10   8   1   1   4   2   4  28  12   2   0   4   0  46  14   1   2   3   0  49   6   1   2   1   0   1   3   0   2   0   0   2   1   0  42
13   9   1   3   5   5   5  25   9   1   1   5   4  57  21   3   2   4   0  64  10   0   1   1   0   3   3   1   1   3   2   2   2   2  55
7   6   0   1   3   0   3  16   8   2   2   2   0  27  10   1   1   1   0  31   5   0   2   0   0   0   3   0   2   2   3   0   1   1  26
5   6   1   2   2   7   3  15   8   2   2   2   5  37  16   2   1   2   1  51  13   1   1   1   2   0   2   3   2   3   0   0   2   2  43
18  12   1   1   7   0   6  30  10   2   2   7   0  54  18   2   2   5   0  59   9   1   3   1   0   0   3   3   0   1   0   0   1   0  50
10   8   1   1   3   1   3  21   9   2   1   2   0  29   8   2   3   1   0  26   2   1   1   0   0   0   3   0   2   2   2   1   0   0  22
14  11   2   1   7   4   6  29  12   2   0   7   0  51  16   1   2   5   0  64  12   0   2   2   0   0   3   1   2   3   0   0   2   2  54
16  11   1   0   6   2   6  27   8   0   1   6   0  47  15   1   2   4   0  49   6   1   3   1   0   0   1   3   1   3   0   0   2   1  42
19  14   2   1   5   0   6  35  12   2   0   5   0  51  14   1   3   4   0  59  10   1   2   1   0   0   1   0   3   2   2   0   0   1  50
14  11   3   0   3   7   6  29  11   2   0   3   1  48  15   1   2   2   0  54   9   0   1   1   0   0   3   1   3   0   2   0   1   1  46
18  13   2   1   5   6   5  28   9   1   3   5   1  49  16   1   2   4   0  63  12   0   1   2   0   1   2   2   2   1   3   2   1   2  54
11   9   1   2   5   6   6  28  13   2   1   5   4  52  18   1   1   4   4  57   8   0   3   1   1   3   2   0   0   3   3   0   1   0  48
14  11   2   1   6   5   6  27  10   1   0   6   2  45  15   1   2   3   0  52   8   0   1   1   0   3   2   0   3   2   0   2   0   0  44
8  7  0  1  3  7  4  5  1  2  1  0  8  3  2  2  2  0  4  9  5  1  3  0  0  3  0  1  1  1  3  2  1  2  8
13  10   1   3   5   0   5  21   7   0   1   4   0  50  20   3   2   3   0  61  11   1   1   1   0   3   0   3   2   3   3   2   2   2  52
13   9   1   0   4   1   4  30  12   2   2   4   0  55  18   1   2   3   0  60   8   2   2   1   0   1   3   1   3   0   0   1   2   0  51
21  14   2   1   6   2   6  29   8   1   2   5   0  54  19   2   2   4   0  59   8   0   2   1   0   0   2   3   2   3   3   1   0   2  50
6   5   2   1   1   8   7  14   6   2   3   1   4  31  12   2   1   1   0  40   8   1   3   1   0   0   2   2   3   1   3   0   1   2  34
16  11   1   1   6   0   6  34  13   2   0   5   0  55  16   2   2   4   0  60   7   1   1   1   0   1   2   0   0   1   2   1   1   1  51
11   8   2   0   2   8   6  15   5   2   1   1   7  20   7   1   2   1   2  15   0   1   3   0   0   0   0   3   2   2   2   1   2   0  12
25  16   3   1   7   0   7  46  15   2   1   7   0  65  16   2   3   4   0  77  13   0   2   2   0   3   3   1   0   1   2   2   0   2  65
13  10   1   1   5   5   6  32  13   2   2   5   2  59  20   2   2   4   5  65   9   0   1   1   2   3   2   2   0   3   2   2   1   2  56
17  12   1   1   5   0   5  36  13   2   1   5   0  62  18   2   2   3   0  62   7   1   1   1   0   0   2   2   0   3   0   0   0   2  53
3  4  0  1  1  8  4  0  0  1  2  0  6  0  0  2  2  0  0  0  0  1  1  0  0  0  2  0  3  2  2  1  0  1  0
20  15   2   0   6   1   6  34  10   1   1   5   0  61  19   2   2   3   0  69  10   1   1   1   0   1   1   0   2   3   1   2   0   1  59
9   8   1   0   2   7   4  19   9   2   1   3   1  38  14   3   1   2   0  45   9   1   2   1   0   0   2   3   3   1   3   0   2   2  38
19  14   2   2   6   5   6  28   9   2   1   4   6  34   8   1   2   1   7  32   3   0   2   0   2   3   0   1   0   0   1   2   2   1  27
11   9   0   2   6   0   6  28  13   2   1   5   0  43  13   0   3   4   0  48   7   1   2   1   1   0   3   2   0   2   0   1   1   1  41
12   9   1   1   4   0   5  31  14   3   2   5   0  58  19   3   3   3   0  61   6   0   3   1   0   0   2   1   2   3   3   0   1   2  52
21  14   2   0   6   0   5  42  15   2   0   5   0  67  19   2   1   4   0  65   6   1   2   1   0   0   0   0   3   0   0   0   1   0  56
17  12   2   2   4   7   5  26   8   1   2   4   4  43  14   1   1   2   6  51   9   1   2   1   3   3   2   3   0   3   2   1   1   2  43
