2   3   1   1   1   8   6   5   4   2   2   1   5  17  10   2   2   1   1  10   0   1   2   0   0   0   0   3   3   2   0   1   2   1   8
19  13   2   3   5   5   5  22   6   1   2   3   7  40  14   2   1   2   1  48   9   0   3   1   0   3   0   0   2   3   1   2   1   2  41
11   9   1   1   5   0   5  27  12   2   1   5   0  50  17   3   3   3   0  59  10   1   1   1   0   2   3   2   1   3   0   0   1   1  50
14  10   2   2   3   5   3  19   6   1   2   2   3  31  11   2   1   1   2  28   2   0   3   0   0   2   1   3   1   1   2   0   2   1  24
11   9   1   1   3   5   3  21   8   1   3   2   5  18   1   2   3   0   8  13   0   0   3   0   5   3   1   2   0   2   3   0   0   0  11
14  10   1   3   6   2   6  33  14   3   1   6   0  56  17   1   1   4   0  65  10   1   3   1   0   3   2   2   3   3   0   2   1   1  55
11   9   1   1   4   7   6  30  14   2   0   4   1  50  16   2   2   3   0  61  11   1   3   1   0   1   2   1   1   3   2   1   2   2  52
10   8   0   1   3   5   3  20   8   1   1   3   1  42  15   1   2   2   0  50   8   1   2   1   0   0   1   3   3   3   3   0   1   2  42
9   8   1   1   4   5   5  21  10   1   1   5   2  43  16   2   2   3   0  46   6   0   2   1   0   0   2   1   3   3   3   1   2   1  39
8   7   0   1   6   1   6  19   9   1   3   7   0  51  21   2   2   5   0  56   7   0   1   1   0   3   2   3   2   1   0   1   0   2  48
13   9   1   2   5   7   7  29  12   2   2   5   4  47  14   1   1   3   1  50   8   0   1   1   2   0   1   3   3   2   0   0   1   0  43
12   9   0   1   5   4   5  27  11   1   2   5   3  53  19   2   2   3   0  58   8   1   3   1   0   1   0   2   3   3   0   2   0   1  49
6   7   1   1   3   2   4  19  10   2   1   3   0  36  13   2   3   2   0  42   7   1   3   1   0   2   3   3   3   2   2   0   1   1  36
9   7   1   1   2   6   3  18   8   1   1   2   0  38  15   2   2   2   0  40   7   0   2   1   0   1   2   1   1   1   0   2   1   1  34
14  10   1   2   5   2   4  24   9   1   2   5   0  48  18   3   1   3   0  59  11   1   2   1   0   2   2   3   1   1   3   1   1   1  50
0  0  0  1  0  8  6  0  0  1  2  0  7  0  0  1  1  0  7  1  3  2  3  0  5  0  0  3  0  0  0  1  1  0  1
18  12   2   2   7   0   7  30  10   1   1   7   0  61  22   2   2   5   0  73  12   0   2   2   2   1   3   0   2   3   0   2   0   1  62
13  10   2   1   3   2   3  19   7   1   2   3   1  41  16   2   2   2   0  53  12   1   2   1   0   0   0   1   1   3   2   0   2   2  45
12  10   2   2   4   6   6  26  11   2   2   4   1  48  17   1   1   3   0  53   8   0   3   1   0   3   3   3   2   0   1   1   2   1  45
12  10   2   1   4   7   6  21   9   1   0   3   3  36  12   2   1   2   0  46   9   1   1   1   0   3   3   0   2   1   3   2   0   2  39
14  11   2   2   7   5   7  32  13   3   1   6   5  61  22   2   1   5   1  68   9   2   2   1   0   1   0   1   2   1   1   2   2   1  58
14  10   2   1   4   1   4  29  11   1   0   3   0  45  13   2   3   2   0  53   9   0   2   1   0   3   3   1   2   3   2   1   1   1  45
23  15   2   1   7   1   6  43  14   2   1   6   0  71  20   2   2   4   0  74   8   0   2   1   0   2   2   1   2   2   0   0   2   0  63
12   9   0   1   6   4   5  25  10   2   2   5   0  47  17   1   2   3   0  49   6   2   2   1   0   1   3   3   2   1   0   1   2   1  42
16  11   1   1   6   3   6  31  11   2   2   5   4  49  14   1   2   3   1  53   8   0   2   1   0   0   0   3   1   3   2   0   2   2  45
8   7   0   0   3   7   6  16   8   1   0   2   3  20   7   0   2   1   0  14   0   1   2   0   0   0   2   0   1   3   2   0   0   1  12
18  12   2   1   5   4   4  41  16   3   2   5   0  65  19   3   2   3   0  65   7   0   3   1   0   3   3   0   3   2   1   2   0   0  55
16  11   2   1   3   7   5  26   9   2   1   2   7  52  19   3   2   2   0  55   7   0   3   1   0   3   1   0   2   3   3   2   0   1  46
19  13   2   1   5   4   5  37  13   2   1   5   0  58  16   1   2   4   0  63   8   0   2   1   0   3   2   2   0   1   2   2   0   1  54
11   9   1   1   4   2   4  22   9   1   3   4   0  40  14   2   3   3   0  45   7   0   1   1   0   1   3   3   0   2   0   2   2   0  38
0  0  1  3  0  8  6  0  0  2  2  0  8  0  0  1  1  0  8  0  0  0  2  0  3  3  0  3  0  1  2  2  2  2  0
20  13   3   1   3   0   3  28   9   1   1   3   0  45  15   1   2   2   0  47   6   1   3   1   0   2   0   3   2   3   1   0   0   2  40
12   9   1   1   4   3   4  22   9   1   1   4   0  49  19   1   1   3   0  52   7   0   2   1   0   1   1   0   1   1   1   2   1   1  44
7   6   1   2   3   7   3  16   8   1   3   3   3  32  12   1   2   2   1  31   3   0   2   0   3   2   1   3   1   2   0   1   1   1  27
15  11   2   2   6   1   6  29  11   1   0   5   3  50  16   1   2   4   0  56   9   1   2   1   0   1   0   1   1   0   2   0   2   0  47
16  11   1   1   7   2   7  27  10   1   1   6   0  57  21   2   2   4   0  60   8   0   1   1   0   1   3   1   2   3   0   2   1   2  51
9   8   0   2   5   6   6  28  13   2   1   5   1  56  19   2   1   4   0  60   8   0   2   1   0   3   2   3   1   1   0   1   1   2  51
10   8   0   3   5   4   5  24  11   2   1   4   3  44  15   2   3   2   0  52   9   0   2   1   0   3   1   0   2   2   3   2   0   0  44
11   8   0   1   5   2   5  20   8   1   2   4   0  46  18   2   2   3   0  47   7   1   2   1   0   1   1   1   0   3   1   1   1   1  40
15  11   2   1   5   3   5  21   7   0   2   5   0  54  22   2   2   4   0  67  12   1   1   1   0   1   1   2   2   1   3   0   1   2  57
19  13   3   1   5   3   5  35  12   3   3   5   1  54  15   0   2   4   0  59   8   0   1   1   0   1   0   2   0   2   3   1   0   0  50
11   9   2   3   5   3   5  28  12   2   1   4   1  42  12   0   2   3   0  46   7   1   2   1   0   3   1   1   2   1   0   2   2   0  39
15  11   2   3   6   0   6  33  14   2   0   5   0  60  20   1   1   4   0  66   8   2   2   1   0   0   3   1   0   3   2   0   1   1  56
20  13   1   0   6   3   6  36  12   2   3   5   0  62  19   2   3   3   0  65   8   1   2   1   0   0   3   3   2   2   2   0   2   0  56
14  10   1   0   5   5   6  28  12   2   3   5   0  53  18   2   2   4   0  59   9   1   2   1   0   0   1   3   0   2   3   1   1   0  50
12   9   2   1   2   7   4  18   6   1   2   1   8  27   9   1   3   1   6  30   6   1   2   0   3   1   0   3   1   2   1   2   2   0  25
11   8   0   0   4   7   6  24  10   1   3   4   3  46  17   2   3   3   1  52   7   0   3   1   0   0   2   2   1   3   3   0   1   1  44
20  13   2   2   6   2   6  34  11   1   1   5   1  54  16   2   2   3   0  66  11   2   1   1   0   0   0   2   3   2   3   0   1   0  56
16  12   2   0   5   4   6  26   9   2   2   5   0  42  13   1   3   3   0  53  11   0   1   1   0   1   3   3   0   2   1   2   2   0  45
13  10   1   2   7   0   7  24  10   1   1   7   0  50  18   2   2   5   0  63  11   0   2   2   0   1   2   1   1   1   3   2   1   2  53
15  11   2   1   4   4   4  26   9   1   1   4   4  47  16   2   2   2   0  57  10   0   3   1   0   0   0   1   2   1   0   0   2   1  49
10   8   0   1   4   1   4  21   8   1   2   3   0  42  15   2   3   3   0  54  12   2   1   1   0   3   3   2   3   3   3   2   0   2  46
11   9   1   1   4   5   5  24  10   1   1   4   0  42  15   1   1   3   0  47   7   0   3   1   0   2   2   1   2   3   0   0   2   1  40
12   9   1   0   3   2   3  28  12   2   0   3   0  43  13   1   3   2   0  52   9   1   2   1   0   0   2   0   2   3   1   0   0   0  44
16  12   2   2   5   3   6  33  12   2   3   5   0  57  17   2   2   3   1  62   9   0   2   1   0   3   3   2   0   3   1   2   0   2  52
12   9   1   1   5   1   6  26  11   2   2   5   1  57  21   3   1   3   0  62   8   2   2   1   0   1   0   1   3   1   2   2   2   2  52
10   8   2   3   3   4   3  21   9   2   3   3   0  43  16   2   2   2   0  45   6   1   2   1   0   2   1   2   2   3   0   1   0   2  39
19  14   2   0   5   2   6  37  13   2   1   5   0  59  18   2   3   3   0  69  11   1   1   1   0   1   1   3   3   3   3   2   2   2  59
9   7   0   1   3   5   4  18   7   1   1   3   6  32  12   1   1   2   4  40  10   1   3   1   0   1   0   3   3   0   1   1   2   1  34
9   8   1   3   4   6   5  25  11   1   0   3   4  44  15   2   1   2   3  57  12   1   2   1   0   3   2   2   0   1   3   2   0   2  49
10   7   0   3   7   1   6  24  11   2   1   7   0  47  17   2   1   4   0  54   8   1   2   1   0   2   2   0   0   0   1   0   0   0  46
18  13   3   1   5   6   6  31  10   1   1   5   1  56  19   2   1   3   1  59   7   0   2   1   1   2   2   1   0   3   0   1   2   2  50
12   9   0   1   5   1   5  27  12   1   1   6   0  54  20   2   1   4   0  63  11   1   2   1   0   0   3   3   1   2   3   0   1   1  54
19  13   3   2   7   2   6  33  10   1   1   6   0  63  21   2   1   4   0  70  10   0   2   1   0   0   3   0   0   3   3   0   0   2  59
10   8   1   3   4   6   5  19   8   1   3   3   5  38  14   2   2   2   2  36   3   2   2   0   3   2   2   3   2   3   0   0   1   2  31
14  11   2   1   6   5   6  33  13   2   1   6   2  62  20   2   1   4   0  74  12   1   1   1   0   2   2   2   1   1   0   1   0   1  63
4   4   1   1   1   8   5   8   5   1   2   1   1  17   8   1   2   1   0  13   0   2   3   0   0   1   3   2   2   1   0   2   0   1  11
9   8   1   2   3   2   3  22  10   2   2   3   0  41  15   2   2   2   0  50  10   2   2   1   0   3   1   1   0   3   3   1   2   1  43
6   6   0   0   4   7   6  17   9   1   1   4   4  39  16   1   1   3   3  57  14   2   1   1   0   1   1   1   0   1   2   2   2   1  49
10   8   1   2   4   4   4  28  12   2   1   4   2  46  15   1   2   3   1  46   5   0   2   1   0   1   1   1   0   1   3   2   1   1  39
6   6   1   1   1   8   6  13   6   2   1   1   4   8   0   2   2   0   6   2   0   0   2   0   1   2   3   1   0   3   3   0   2   2   2
14  10   2   0   3   8   6  21   8   1   3   3   6  44  17   2   3   3   3  52   9   1   2   1   0   0   0   3   3   2   1   0   1   0  44
16  11   2   3   4   7   5  31  12   2   2   4   2  59  21   2   1   3   0  69  11   1   3   1   0   2   3   2   2   1   3   0   1   2  59
22  14   2   1   5   4   6  34  10   2   2   3   7  43  10   1   2   2   1  49   9   0   1   1   0   3   0   0   3   3   3   0   1   2  42
11   9   1   1   3   6   3  25  11   2   1   3   5  45  14   2   1   2   0  55  10   1   3   1   0   0   0   3   2   1   3   0   2   2  46
13   9   1   1   6   2   7  28  12   1   2   5   0  57  20   2   2   4   0  56   6   0   2   1   0   1   1   1   2   3   1   0   2   1  47
22  14   2   0   6   5   6  36  10   1   2   6   3  60  18   2   1   4   3  68  10   0   3   1   0   1   1   0   0   3   1   2   1   0  58
16  11   2   1   3   7   5  24   7   0   1   3   3  41  14   2   3   2   0  49   9   1   2   1   0   0   3   0   3   3   0   1   0   1  42
23  15   2   1   6   5   6  38  12   1   1   6   0  57  15   0   2   4   0  62   8   1   1   1   0   1   1   3   0   1   0   1   2   1  53
15  11   1   1   5   7   6  27  11   2   3   4   4  46  15   1   2   3   1  54   9   2   2   1   4   1   1   3   1   3   0   2   2   2  46
13   9   1   3   5   1   6  30  13   2   1   5   0  49  14   1   2   3   0  56   9   1   2   1   0   2   3   0   1   1   1   0   0   2  48
14  11   2   0   6   4   6  21   6   0   2   5   0  43  16   2   2   3   0  48   7   0   1   1   0   1   2   0   0   3   2   2   0   2  41
5   6   0   1   6   2   6  15   8   1   2   6   1  44  19   2   2   4   4  46   6   1   2   1   0   0   0   2   0   1   3   0   0   0  39
14  10   3   1   3   7   5  22   7   0   1   3   3  42  15   1   1   2   5  50   9   0   1   1   1   2   1   2   0   1   3   1   0   1  42
6   5   0   0   2   7   4  17   8   1   2   3   3  31  12   1   3   2   0  38   7   2   2   1   0   1   3   1   2   3   2   2   2   1  32
14  10   1   2   5   4   5  31  13   2   2   5   0  49  15   1   1   3   0  58   9   0   2   1   0   0   1   3   0   3   3   0   2   1  49
7   7   0   2   6   0   6  18   8   1   1   6   0  50  22   2   2   4   0  52   6   0   2   1   0   1   3   1   1   0   1   1   2   0  44
9   8   1   3   4   0   4  27  13   2   0   4   1  46  15   0   1   3   0  49   7   1   2   1   0   3   0   1   1   3   1   2   2   2  42
18  12   2   1   3   8   6  29   9   1   1   3   3  46  14   1   1   2   0  49   6   0   1   1   0   2   1   0   3   1   2   0   1   2  42
8   7   1   3   4   6   4  19   9   1   0   4   2  44  18   2   1   3   0  52   9   1   3   1   0   3   1   1   3   3   3   1   1   1  44
18  12   3   1   3   7   6  25   6   1   2   2   7  35   9   2   2   1   2  27   0   0   3   0   4   0   0   0   1   3   0   0   1   2  23
16  11   1   0   5   0   5  34  12   2   2   5   0  56  17   1   2   4   0  65  11   1   2   1   0   2   1   1   1   3   0   0   2   1  55
17  12   2   1   4   2   4  24   7   1   3   3   0  42  13   1   2   2   0  45   7   2   2   1   0   0   1   2   2   3   1   0   1   1  38
9   8   1   1   2   8   6  17   6   1   1   1   4  12   0   2   1   0   2  16   5   1   2   0   1   3   1   2   3   0   0   1   0   0  14
13   9   1   1   4   4   3  25  10   2   2   4   2  46  16   1   2   3   0  58  11   2   1   1   0   1   2   0   3   3   0   2   1   2  49
10   8   1   1   3   7   6  20   9   1   1   3   3  40  15   2   1   2   4  51  11   1   1   1   3   0   1   0   0   0   0   0   0   0  43
17  12   2   1   6   3   6  29  10   1   3   6   0  50  16   1   2   4   0  63  11   0   2   2   0   3   1   3   2   1   0   2   2   2  53
1  3  1  3  1  8  4  2  3  2  1  0  8  0  1  0  3  0  3  3  4  0  1  0  0  2  0  0  1  2  3  0  0  1  3
11   9   1   1   3   1   3  22  10   1   1   3   4  34  12   1   2   2   0  43  10   1   1   1   0   2   0   2   2   0   2   0   0   0  37
12   9   1   1   4   1   4  23   9   1   1   4   3  52  20   2   2   3   0  56   7   0   2   1   0   3   0   0   1   2   0   2   1   0  48
13  10   1   1   6   5   6  16   5   2   2   1   8  27   9   2   2   1   2  21   0   0   2   0   4   3   0   2   3   3   0   2   0   1  18
14  10   1   1   4   7   5  31  12   2   0   4   0  42  11   1   2   2   0  47   8   1   2   1   0   1   2   1   0   3   3   2   1   2  40
20  14   2   1   5   1   5  36  12   2   3   5   0  57  16   1   3   3   0  65   9   2   3   1   0   0   2   3   1   3   2   0   2   2  55
13  11   2   0   7   0   7  31  12   1   0   7   0  53  17   2   3   5   0  68  14   2   3   2   0   1   2   3   2   2   3   2   2   0  58
0  1  2  2  0  8  5  0  0  1  2  0  8  0  0  1  1  0  4  0  0  0  1  0  3  2  0  3  2  0  0  0  1  0  0
16  11   1   2   5   5   6  30  12   2   0   5   0  50  16   0   1   4   0  55   9   0   2   1   0   0   3   1   1   3   0   0   0   2  47
10   8   1   1   3   6   3  19   8   1   1   3   3  41  17   1   2   3   2  55  11   1   3   1   0   3   3   3   2   0   0   1   2   0  47
14  10   1   1   7   2   7  27  10   2   3   6   1  45  14   1   2   4   4  53  10   1   2   1   0   3   1   2   0   1   1   1   1   2  45
13  10   2   3   5   7   7  26  10   2   2   3   7  40  12   1   2   2   4  44   7   1   2   1   5   0   0   3   1   2   0   0   2   1  37
13  10   1   1   5   6   5  28  11   1   0   5   3  49  17   2   2   4   1  60  12   1   1   1   0   2   2   1   2   3   2   1   1   2  51
15  11   2   1   6   5   6  29  11   2   2   7   4  54  19   1   1   4   0  63  11   1   2   1   0   1   0   1   1   3   1   2   2   2  54
14  11   1   1   4   1   4  30  11   1   1   4   0  50  16   1   2   3   0  56   8   1   2   1   0   0   2   3   3   3   1   1   1   2  48
21  14   2   0   6   0   6  39  14   3   1   6   0  62  19   1   3   4   0  73  11   1   2   1   0   0   3   1   1   2   1   0   2   1  62
9   8   1   2   5   6   6  25  12   2   3   5   3  51  18   2   1   4   3  54   7   0   2   1   0   2   3   3   0   3   3   0   1   1  46
12   9   1   1   4   0   4  23   9   1   0   3   0  40  13   1   2   2   0  36   2   0   3   0   0   3   2   1   2   0   3   1   2   1  31
16  12   3   2   4   0   5  37  14   2   2   5   0  56  16   2   2   4   0  59   7   0   2   1   0   2   1   2   2   1   0   1   0   1  50
0  0  1  3  0  8  7  5  5  3  1  0  2  0  0  2  2  0  3  3  3  0  1  0  6  3  3  1  0  3  0  1  2  2  2
12   9   1   1   3   2   3  25  10   2   1   3   3  44  15   1   1   2   0  51   8   2   3   1   0   1   0   0   3   0   3   2   1   0  43
11   9   1   0   6   4   6  27  12   2   3   6   0  52  18   1   1   4   0  58   9   0   1   1   0   1   2   3   0   3   1   2   1   2  49
13  10   1   1   5   5   6  28  12   2   0   4   0  54  18   2   3   3   0  67  12   2   2   1   0   0   3   1   3   3   3   0   1   1  57
9   8   1   2   5   6   6  20   9   1   1   5   3  47  19   1   2   4   0  51   7   1   1   1   0   3   1   2   2   2   2   2   1   0  43
12  10   1   2   7   1   7  31  13   2   0   7   0  55  17   2   3   5   0  57   7   0   1   1   1   3   2   1   0   3   0   2   1   2  49
9   7   0   1   3   0   3  20   9   1   1   3   0  37  13   1   3   2   0  43   8   0   2   1   0   2   3   0   0   3   2   1   0   1  37
13  10   2   3   7   1   6  30  12   2   0   6   0  52  16   1   3   4   0  58   9   0   2   1   0   2   1   0   0   2   2   0   1   0  49
11   9   1   1   3   5   4  19   8   2   1   3   1  37  13   2   2   2   0  42   6   0   2   1   0   2   2   2   1   3   0   0   0   1  36
15  10   2   2   5   5   6  29  10   1   1   5   3  49  15   1   1   4   0  54   7   3   2   1   0   3   2   1   1   0   1   2   2   1  46
14  10   1   1   6   5   6  32  13   2   3   6   3  55  19   2   3   4   0  62   9   1   1   1   0   3   1   3   1   3   2   2   1   1  53
14  10   1   0   7   0   6  32  13   2   2   7   0  59  19   2   1   5   0  73  13   1   2   2   0   1   3   2   3   0   1   1   0   0  62
0  0  1  2  0  8  5  0  0  2  2  0  3  1  2  0  1  0  0  5  4  1  2  0  0  3  3  2  2  3  3  2  0  1  5
10   8   0   1   7   2   6  23  10   2   2   7   0  50  19   1   3   4   0  55   7   1   2   1   0   3   3   1   0   3   3   2   2   2  47
15  12   2   1   4   4   5  25   9   2   3   4   0  49  17   2   3   3   0  55   8   0   3   1   0   1   1   3   0   3   2   1   1   1  47
16  11   1   1   5   1   5  23   7   1   3   4   0  39  14   1   2   3   0  47   9   0   2   1   0   2   3   3   1   2   0   1   2   1  40
12   9   1   0   6   1   6  27  12   1   1   6   1  53  19   2   1   3   0  59   9   0   1   1   0   0   0   3   1   1   1   1   2   1  51
6   5   0   1   1   8   7   9   5   1   1   1   4  17   7   2   2   1   0  12   1   0   2   0   0   1   3   2   2   2   2   2   0   0  10
0  0  1  1  0  8  6  0  1  2  2  0  7  0  0  1  3  0  5  0  0  1  3  0  3  0  0  3  1  3  1  0  2  1  0
14  11   2   2   5   6   6  29  11   2   1   5   1  56  20   2   2   4   4  60   7   0   2   1   0   3   3   2   0   3   2   2   0   1  51
14  11   1   1   4   6   5  20   7   1   2   4   2  50  20   3   2   3   0  60  11   2   2   1   0   0   2   1   3   3   3   0   1   2  51
16  11   2   1   5   1   5  29  11   2   3   4   1  42  12   2   2   2   0  49   8   1   3   1   0   0   0   2   1   3   1   0   0   2  41
10   8   1   1   3   4   3  21   9   2   3   3   0  41  15   1   1   2   0  50  10   0   1   1   0   2   3   2   2   1   2   0   0   2  42
11   8   1   1   4   5   4  25  11   2   2   5   1  51  19   1   1   4   0  56   7   0   1   1   0   1   3   1   1   3   3   0   2   1  47
12  10   1   2   5   6   5  26  11   2   0   3   7  47  16   2   2   2   0  53   9   2   2   1   0   0   0   1   3   0   3   0   1   1  45
14  10   2   2   3   1   3  24   9   1   1   3   0  45  16   2   2   2   0  51   9   1   2   1   0   1   2   0   2   2   1   1   1   0  44
12   9   2   2   4   6   5  22   8   1   1   4   2  39  13   1   2   2   0  44   7   0   2   1   0   1   1   2   1   3   2   2   0   1  37
11   8   1   2   6   7   7  25  10   1   1   5   2  43  15   1   3   3   2  50   9   0   2   1   0   1   1   0   0   3   3   1   0   1  43
6   6   0   0   5   5   6  18  10   1   1   6   3  47  19   1   1   5   4  59  12   0   1   2   0   1   2   2   0   2   2   2   0   1  50
9   7   0   1   5   1   4  22  10   1   0   5   0  40  13   1   2   3   0  46   7   0   2   1   0   0   2   0   2   3   1   0   0   2  39
14  10   1   1   4   3   5  23   9   1   1   3   4  43  15   2   2   2   3  51   9   0   2   1   0   1   0   0   0   1   3   2   0   2  43
1  3  2  1  0  8  3  1  2  1  1  0  6  1  3  2  1  0  0  0  0  2  3  0  0  0  1  0  2  1  3  0  1  1  0
14  10   1   1   4   4   4  21   7   1   2   4   1  45  17   2   3   3   0  53   9   1   1   1   0   1   3   3   2   2   0   2   2   0  45
17  12   2   0   3   7   5  28   9   2   3   3   1  50  16   2   2   2   0  58   9   0   2   1   0   1   3   3   2   3   1   2   1   2  49
16  11   1   0   5   6   6  21   7   1   3   4   1  42  16   2   2   3   0  46   8   1   2   1   0   1   3   3   3   1   2   0   2   1  39
8   7   1   3   2   5   3  17   8   1   1   2   2  29  10   1   2   1   0  31   4   0   3   0   0   2   1   3   2   1   1   0   2   1  26
14  11   2   3   4   5   4  21   7   1   1   3   2  38  13   1   3   2   0  51  11   1   1   1   0   2   1   0   3   3   3   0   0   2  43
12  10   1   1   5   4   6  26  11   3   1   3   7  25   3   1   1   0   8  25   3   0   3   0   4   3   0   3   0   1   1   1   1   2  21
12   9   1   2   6   2   5  24  10   1   3   6   0  51  19   1   2   4   0  58   9   0   1   1   0   0   1   2   3   3   1   0   0   2  49
12   9   1   1   6   5   6  21   9   1   0   5   0  41  15   1   2   3   0  42   6   0   3   1   0   0   3   1   0   2   3   0   2   0  36
8   7   0   1   7   3   6  23  11   2   1   6   0  45  16   1   2   4   0  58  12   0   1   1   0   2   3   2   1   0   2   0   0   0  49
12   9   2   3   3   7   4  21   8   2   2   3   4  33  12   1   2   2   0  40   8   0   1   1   0   3   2   1   3   3   2   2   1   2  34
18  12   1   1   6   1   6  34  13   2   1   6   0  57  17   2   2   4   0  64  10   1   1   1   0   1   1   3   3   0   2   2   2   0  55
6   6   3   1   1   8   6  11   5   1   1   1   7  16   6   2   2   0   8  17   4   0   3   0   2   0   0   2   0   3   3   0   1   2  14
7   6   1   1   1   8   7   9   5   1   2   1   4  22  11   2   2   1   0  16   0   1   2   0   0   2   1   1   3   2   2   0   1   0  14
16  12   2   1   4   7   6  15   3   1   2   0   8  14   2   2   3   0   2  11   1   0   1   0   5   2   0   2   3   2   0   0   0   1  10
7   7   1   2   1   8   6  13   6   1   1   1   3  25  10   3   2   1   0  26   4   1   1   0   0   0   3   0   1   1   0   0   1   2  22
12  10   1   1   6   0   6  28  12   2   1   5   0  54  20   2   1   4   0  60   9   1   1   1   0   0   2   3   1   3   1   1   2   2  51
12  10   2   3   6   2   5  27  11   2   1   5   2  51  18   2   3   3   0  57   8   0   2   1   0   3   0   1   3   3   1   2   2   1  49
11   8   1   0   2   8   6  14   5   1   0   1   7  27  10   2   2   1   6  22   0   0   1   0   2   0   0   1   0   3   1   0   2   0  19
12   9   1   1   3   7   6  21   7   0   1   3   3  49  19   2   1   2   1  41   0   1   1   0   0   0   2   0   0   1   1   0   1   1  35
17  12   2   0   4   5   5  33  12   2   1   4   0  55  16   2   2   3   0  61   9   0   2   1   1   0   2   3   1   2   0   1   1   1  52
15  11   1   1   6   2   6  30  12   2   2   7   0  62  22   2   2   4   0  71  10   1   3   1   0   3   2   1   2   1   3   2   0   0  61
10   8   1   1   3   1   3  29  14   3   2   4   0  47  14   1   2   3   0  52   7   1   2   1   0   0   1   3   0   2   2   1   2   1  44
8   7   2   1   2   6   3  21  10   2   1   2   2  29   8   2   2   1   1  22   0   1   1   0   4   1   2   1   0   3   0   2   2   0  19
16  12   2   0   3   5   4  22   7   1   1   3   0  40  13   1   2   2   0  53  12   1   2   1   0   0   2   1   1   3   3   0   1   1  45
15  11   1   1   6   4   7  25   9   1   2   6   0  48  18   1   3   4   0  57  10   0   1   1   0   0   2   1   1   3   2   0   1   1  48
11   9   2   0   2   8   5  18   7   1   1   2   5  24   7   1   2   1   1  19   0   1   3   0   0   1   1   2   1   3   3   2   1   2  16
17  13   2   0   6   6   7  34  12   2   2   6   3  61  19   2   2   4   0  63   7   2   2   1   0   3   2   3   2   1   1   1   2   1  54
12   9   1   1   4   0   5  27  12   1   0   5   0  51  17   1   2   3   0  53   6   1   1   1   0   2   3   1   2   1   1   0   2   2  45
20  13   2   1   7   1   6  32  10   1   3   6   0  54  16   2   3   4   0  63  10   0   3   1   0   1   2   0   1   3   3   1   0   2  53
12   9   1   2   3   4   3  20   7   0   2   3   0  34  12   0   3   2   0  45  11   1   1   1   0   3   2   2   2   3   0   1   1   2  39
21  14   2   1   6   4   6  31   9   1   2   6   4  59  20   2   2   3   6  69  11   1   2   1   3   3   0   3   0   0   2   2   1   0  59
16  11   2   0   3   4   4  21   6   1   2   2   3  30   8   2   2   1   1  28   2   1   2   0   2   0   0   2   2   2   0   0   0   1  24
10   8   0   3   7   2   6  28  13   2   2   7   0  57  21   2   1   5   0  64  10   0   1   1   0   3   3   0   2   0   2   2   0   0  54
14  10   1   2   5   5   6  22   8   1   3   3   7  31   9   0   3   1   8  33   5   1   2   0   1   3   0   3   0   3   3   2   1   2  28
22  14   2   2   5   1   5  35  11   1   0   6   0  54  15   0   1   4   0  54   6   1   3   1   0   0   2   0   1   3   0   0   1   1  46
9   7   0   1   6   3   6  22  10   1   1   6   0  42  16   1   2   4   0  50   9   2   2   1   0   2   3   2   3   3   3   1   1   2  42
13  10   2   1   3   7   5  28  12   2   0   3   3  49  17   2   1   3   0  59  11   0   2   1   0   1   3   0   2   3   0   2   1   1  50
7   6   0   1   6   0   6  23  11   1   3   5   0  52  19   2   1   3   0  59   9   1   3   1   0   3   1   3   1   0   3   2   2   0  50
12   9   1   1   5   3   4  26  11   1   2   5   0  51  18   2   2   3   0  57   9   1   2   1   0   1   3   1   3   0   0   1   2   1  49
15  10   1   1   4   5   4  26  10   1   2   4   4  43  14   1   2   3   2  51  10   1   2   1   0   3   1   3   1   1   1   2   2   2  43
9   8   0   1   5   7   7  23  11   1   1   5   3  39  13   1   3   3   0  50  11   1   2   1   0   3   2   3   3   3   0   1   1   2  42
10   8   1   2   4   1   4  23  10   2   1   4   0  36  11   0   2   2   0  49  11   1   1   1   0   2   1   1   2   3   3   1   1   1  42
17  11   1   1   5   3   5  32  12   2   2   5   4  61  20   3   3   3   6  63   8   1   2   1   3   2   0   3   0   3   2   0   2   1  53
18  12   2   1   5   0   5  36  13   2   1   6   0  55  15   1   2   4   0  64  11   1   2   1   0   1   2   0   1   1   3   2   0   1  55
15  11   1   1   4   7   7  26   9   1   2   4   2  52  19   2   1   3   0  59   8   2   2   1   0   1   2   0   2   1   1   1   0   1  50
7   6   0   3   3   2   3  19  10   2   1   3   5  37  14   2   1   2   0  41   8   1   3   1   0   2   0   1   2   1   2   1   2   2  35
16  12   2   1   6   0   5  32  12   2   2   7   0  63  22   2   1   5   0  62   5   0   2   1   0   2   0   3   2   1   1   0   2   1  53
11   9   1   1   5   6   6  17   7   1   2   3   7  31  12   1   2   2   5  36   8   0   2   1   2   2   0   3   1   3   1   0   2   2  30
14  10   2   2   5   5   5  24   9   1   2   4   6  44  16   1   1   3   1  49   7   1   1   1   0   0   0   1   2   0   2   0   2   0  42
0  0  0  1  0  8  4  0  1  1  1  0  5  5  5  2  2  0  1  0  0  1  2  0  0  1  1  0  2  3  3  1  0  2  0
15  11   1   0   4   2   4  30  11   2   1   5   0  51  16   1   1   3   0  55   9   0   1   1   0   0   1   0   3   2   0   0   0   0  47
11   8   0   3   5   5   6  25  10   2   2   5   2  50  18   2   2   4   1  63  13   2   2   1   0   2   2   3   1   1   3   0   2   2  54
15  11   2   1   6   1   6  32  12   2   1   5   0  55  17   1   1   3   0  55   6   0   2   1   0   3   2   1   3   3   3   1   1   0  46
8   7   0   2   6   4   6  22  11   2   1   5   3  44  17   2   2   4   0  49   7   0   2   1   0   1   0   1   2   3   2   0   2   2  42
14  10   1   1   7   3   7  26  10   1   1   5   6  51  18   2   2   3   2  58   9   0   1   1   2   3   0   3   2   3   0   2   1   2  49
13  10   1   1   6   4   7  26  11   1   1   7   0  48  17   2   3   4   0  57  10   2   2   1   0   1   2   1   1   2   2   2   2   0  49
4   4   0   1   1   8   3  10   6   2   1   1   2  18   8   1   2   1   0  13   0   2   2   0   0   1   3   1   2   1   2   2   2   1  11
18  13   2   1   7   3   6  36  13   3   1   7   0  60  18   1   1   4   0  74  13   2   1   1   0   1   3   3   0   3   0   2   2   2  63
12   9   0   1   7   1   7  33  14   2   0   6   0  51  15   1   2   4   0  54   6   2   3   1   0   1   1   0   0   3   2   1   0   0  46
9   8   1   2   3   8   6  22  10   3   2   3   3  34  11   1   3   2   0  40   9   1   3   1   0   2   2   2   1   3   3   0   0   1  34
14  11   1   1   6   5   7  33  13   2   2   4   7  53  15   1   2   3   3  56   6   0   2   1   5   2   0   1   2   2   0   0   2   0  47
10   8   1   1   5   6   6  27  12   2   1   5   2  45  14   0   2   3   0  56  11   1   3   1   0   3   3   3   1   1   0   0   2   1  47
8   7   0   1   4   6   6  21  11   2   1   3   0  40  14   2   2   2   0  46   9   1   2   1   0   1   2   2   0   3   1   2   0   2  39
10   8   1   3   3   7   6  19   8   1   2   3   4  34  12   1   2   2   0  37   6   0   2   1   0   3   1   3   3   1   3   0   2   0  31
20  14   3   1   7   1   7  37  13   3   3   7   0  62  19   2   1   5   0  74  12   1   2   2   0   1   2   3   0   1   2   1   1   1  63
21  14   2   0   6   3   6  33  10   1   2   5   0  63  22   2   1   3   0  71  11   2   1   1   0   1   2   3   3   2   2   1   2   1  60
11   9   1   1   7   0   6  20   8   0   2   7   0  49  20   2   1   5   0  65  13   1   2   2   0   1   2   3   2   2   3   1   2   0  55
13   9   1   1   3   7   5  26  10   1   1   3   3  45  15   2   1   2   3  45   6   1   3   1   1   2   1   0   0   3   1   0   1   2  38
9   7   1   1   3   2   3  24  11   2   2   3   0  48  18   3   2   3   0  55   8   0   1   1   0   0   1   3   1   3   1   0   2   2  47
14  11   1   1   5   6   5  20   6   0   2   2   8  15   0   1   3   0   8  16   3   0   2   0   2   3   0   1   0   3   3   1   2   1  14
15  11   2   0   5   6   6  25   9   1   2   5   2  49  19   1   2   3   0  55  10   1   2   1   0   1   3   3   3   0   1   2   1   0  47
16  11   1   2   6   0   6  27   9   1   2   6   1  52  18   2   3   4   1  55   7   0   3   1   0   2   0   0   0   3   3   0   0   1  46
22  16   3   2   6   3   5  40  13   2   0   6   0  64  19   2   3   5   0  76  12   2   2   2   1   0   1   1   2   2   0   0   1   1  65
12  10   1   1   5   1   4  23   9   1   2   5   0  44  16   1   2   3   0  57  11   1   2   1   0   2   3   1   3   2   1   0   2   1  48
21  14   2   1   4   6   5  35  10   2   0   4   2  61  20   2   2   3   0  70  11   1   1   1   0   2   2   0   2   3   3   1   1   2  59
16  11   2   1   4   7   6  32  12   2   1   4   4  51  15   1   2   3   0  58   9   0   1   1   0   3   2   0   2   3   1   2   0   2  49
20  13   2   1   5   3   5  37  13   2   0   5   0  68  22   3   1   3   0  75  10   0   2   1   0   0   3   1   1   1   1   0   2   2  64
9   7   0   3   5   2   5  23  10   1   1   4   3  43  15   2   2   3   0  47   6   0   2   1   0   2   0   1   3   0   2   0   1   0  40
8   7   0   1   4   2   5  24  12   3   1   4   0  41  14   2   2   3   0  44   6   0   1   1   0   2   1   0   3   2   3   0   1   0  37
16  11   2   0   3   0   3  29  10   2   1   3   0  43  12   1   2   2   0  50   9   0   1   1   0   1   1   3   1   3   1   2   2   2  42
14  10   2   1   3   7   7  26   9   3   2   2   4  41  12   2   3   2   2  42   5   0   2   1   0   2   1   3   2   3   2   1   2   2  36
10   9   1   3   4   5   4  24  11   1   0   4   5  44  15   2   3   3   0  47   7   1   2   1   0   3   1   0   3   3   2   1   1   1  40
19  12   2   0   3   0   3  28   9   2   1   3   0  46  14   2   3   2   0  53   8   0   2   1   0   1   1   3   2   2   1   2   0   0  45
15  11   1   1   5   3   6  31  12   1   1   5   0  53  17   2   1   4   0  58   8   0   3   1   0   1   3   1   2   1   0   1   2   2  49
7   6   1   1   1   8   4   8   3   1   3   1   3  11   5   2   1   0   7   6   0   1   2   0   0   1   1   2   0   1   2   2   1   2   5
12   9   2   2   4   4   5  24   9   1   2   4   3  40  13   0   2   3   0  47   8   0   2   1   0   3   1   3   1   0   2   1   2   0  40
8   8   1   1   7   1   6  25  12   2   2   7   0  56  22   2   3   5   0  74  15   1   2   2   0   3   2   3   3   1   1   2   1   1  63
13   9   1   1   2   8   6  19   7   1   3   2   0  34  13   0   1   2   0  44  10   0   1   1   0   1   3   3   3   3   3   2   1   2  37
9   7   0   1   6   5   6  15   7   3   2   1   8  28  11   1   3   1   5  27   3   1   2   0   7   3   0   3   3   3   0   2   2   2  23
1  3  1  1  0  8  6  0  0  1  0  0  8  0  0  2  3  0  4  0  0  1  1  0  1  2  0  1  2  2  2  0  1  1  0
15  10   1   1   5   4   6  27   9   1   1   4   5  52  19   2   2   3   0  57   8   0   2   1   0   3   0   1   3   1   1   1   2   2  49
8   6   2   3   2   8   6   9   3   1   2   1   8  15   7   2   1   1   5  21   6   2   2   0   6   3   0   2   2   1   0   2   0   1  18
14  11   2   1   6   0   7  23   9   1   1   5   0  48  18   2   3   3   0  52   8   1   2   1   0   1   1   0   2   2   3   2   0   1  44
4   5   1   1   1   8   5   8   5   2   3   1   0  23  11   1   2   1   1  18   0   2   2   0   0   0   3   3   0   3   2   0   2   1  16
0  0  1  1  0  8  5  0  0  1  3  0  3  6  5  2  1  0  0  2  0  2  1  0  0  0  2  2  3  0  3  0  0  0  1
10   8   1   1   2   8   5  16   6   1   2   2   1  25  10   2   2   1   0  24   4   0   2   0   0   1   3   1   2   2   3   1   2   1  20
19  13   2   0   5   5   5  38  14   2   1   5   2  59  15   1   2   3   0  60   7   0   2   1   0   1   2   0   2   1   2   0   0   2  51
8   7   1   1   3   7   5  12   6   0   2   2   4  27  12   2   1   1   2  19   0   1   1   0   0   3   1   3   1   3   3   1   1   1  16
11   9   0   0   6   4   7  27  12   2   1   5   1  48  16   2   2   4   0  56   9   1   2   1   0   3   1   1   3   3   2   1   2   1  47
16  11   1   1   5   6   6  28   9   1   0   4   7  45  15   2   3   2   7  52   9   2   1   1   5   1   0   1   0   3   2   1   2   2  44
14  11   2   3   6   1   6  31  13   2   1   5   0  52  16   2   3   4   0  54   6   0   2   1   0   2   2   1   3   3   1   0   1   2  46
11   9   1   2   6   3   6  26  11   1   1   5   0  47  17   1   1   3   0  54   9   1   2   1   0   2   1   0   2   0   2   0   0   1  46
4   4   1   1   1   8   6   8   5   2   1   1   5  21  11   2   2   1   2  16   0   2   1   0   0   3   2   3   2   0   2   2   2   0  14
17  13   2   2   7   2   6  29   9   1   1   6   0  54  18   1   3   4   0  59   9   0   1   1   0   3   3   1   0   3   0   0   2   1  50
13  10   1   2   6   5   7  31  14   3   2   5   1  47  14   1   2   3   0  57  10   1   1   1   0   2   1   2   2   1   3   0   0   2  48
13   9   1   0   4   6   5  22   8   1   2   4   0  45  17   1   2   3   0  59  12   1   1   1   1   0   3   2   1   3   0   0   1   2  50
16  11   2   3   4   2   4  35  13   2   0   4   0  55  16   2   2   3   0  55   5   0   1   1   0   3   2   0   1   3   2   1   1   2  47
15  11   1   1   6   0   7  30  12   2   0   6   0  63  23   2   1   5   0  77  14   1   2   2   0   3   1   0   0   2   0   2   0   1  65
11   9   1   1   5   5   6  21   8   1   2   6   2  43  16   1   2   4   0  53  10   2   2   1   0   1   2   0   2   3   0   2   0   2  45
7   7   0   1   6   4   6  21  10   1   2   4   6  43  16   2   3   2   6  50   9   0   1   1   1   1   0   3   0   2   3   2   2   0  42
18  12   1   1   6   3   7  31  11   1   2   6   5  60  21   2   3   4   1  70  10   3   2   1   0   2   0   1   3   2   1   0   2   0  59
11   8   1   2   3   1   3  20   8   1   2   3   0  45  18   2   1   3   0  57  12   1   1   1   0   0   0   2   2   3   0   0   1   1  49
14  10   1   1   6   5   6  34  14   3   1   5   4  55  16   1   1   3   0  63  10   1   1   1   0   1   0   0   3   1   3   2   0   2  54
18  12   2   1   4   6   6  32  11   2   2   5   3  56  18   1   1   3   0  59   7   0   1   1   0   2   2   1   3   0   1   0   1   0  50
15  11   1   1   5   6   6  28   9   2   2   4   2  48  16   2   3   3   0  59  10   1   3   1   0   1   2   2   1   2   3   2   1   0  50
8   7   1   3   3   6   5  17   8   1   1   2   3  30  11   1   2   1   1  26   2   1   3   0   0   3   1   3   2   3   3   2   1   1  22
12  10   2   0   3   1   3  22   8   1   1   3   0  37  13   2   3   2   0  40   6   0   2   1   0   1   1   3   2   3   2   1   2   2  34
10   8   1   3   4   1   4  21   9   1   1   4   0  37  13   1   2   3   0  45  10   2   3   1   0   3   3   3   1   1   0   1   1   2  38
15  11   2   1   3   1   3  24   8   2   2   2   0  43  15   2   2   2   0  54  12   0   1   1   0   2   3   0   1   3   2   1   0   2  46
9   7   0   1   7   0   7  19  10   1   2   6   0  50  22   2   1   4   0  59  11   2   3   1   0   3   3   3   3   0   3   1   1   0  50
14  10   3   3   3   7   6  26  10   3   2   3   4  46  16   2   1   2   4  38   0   0   2   0   6   3   2   0   0   3   0   2   0   1  32
17  11   1   0   5   4   6  36  13   2   0   5   0  57  17   2   3   4   0  69  11   1   2   1   0   0   1   1   2   3   3   0   1   1  58
23  15   3   2   6   1   5  42  13   2   2   5   3  59  15   1   1   3   0  67  11   2   2   1   0   3   0   0   0   2   3   2   0   1  57
10   8   2   1   1   8   6  14   6   2   0   1   6  24   9   1   3   1   6  18   0   1   2   0   1   2   1   1   0   2   3   0   1   0  15
9   8   2   0   2   7   4  19   8   2   3   2   2  33  11   2   2   1   0  31   3   0   1   0   0   1   2   2   3   1   1   2   0   2  27
20  14   2   1   6   0   5  35  11   2   3   7   0  60  18   1   1   5   0  71  12   1   2   2   0   1   3   2   3   1   2   2   0   2  61
15  12   2   1   4   5   4  25   9   1   3   4   0  49  17   1   1   2   0  40   0   0   1   0   0   2   1   3   3   1   3   0   1   2  34
18  12   2   1   6   3   6  34  12   3   1   5   0  58  18   1   2   4   0  57   5   0   2   1   0   2   1   1   3   3   3   0   1   1  48
4  4  1  1  1  8  6  7  3  1  2  0  8  2  0  1  2  0  8  4  4  1  3  0  3  0  0  2  0  0  2  0  0  1  3
10   8   0   1   5   3   6  21   9   1   1   6   0  45  18   1   3   5   0  61  13   2   3   2   1   1   1   1   1   3   0   2   2   1  52
21  14   2   0   7   2   6  32   9   0   1   6   0  61  21   2   1   5   0  71  11   1   1   1   0   1   1   3   0   0   0   0   2   0  60
14  10   1   1   5   4   6  28  11   2   2   6   1  47  15   2   3   3   0  53   8   1   3   1   0   3   3   3   1   2   3   1   1   0  45
19  13   2   1   4   1   4  29   9   2   2   4   0  49  15   1   1   3   0  63  12   1   1   1   0   0   1   2   1   0   0   0   1   0  53
7   6   0   2   4   5   4  23  11   2   1   4   1  47  17   2   1   3   5  52   8   0   2   1   4   2   3   3   0   1   0   0   2   2  44
20  14   3   1   4   5   4  32   9   1   1   4   1  51  15   1   3   3   0  52   6   0   2   1   0   3   2   1   2   3   1   1   1   1  44
6   6   0   1   3   1   4  18  10   1   1   3   0  39  15   2   2   2   0  44   7   1   1   1   0   0   2   2   0   3   0   1   0   2  38
15  11   1   1   5   6   6  25  10   1   1   4   1  44  15   1   2   3   2  52  10   0   1   1   0   3   3   3   0   1   3   0   2   1  44
17  11   1   0   4   2   4  25   8   1   2   4   2  41  14   1   1   3   0  43   6   0   1   1   0   0   0   2   2   0   0   0   0   1  37
17  12   2   1   7   5   6  33  12   2   1   7   2  57  18   1   1   5   0  75  15   1   2   2   0   3   2   3   1   0   0   1   2   0  64
7   7   0   1   7   1   6  18  10   1   2   7   0  44  19   1   1   5   0  56  13   2   1   2   0   0   1   0   2   1   3   0   1   0  47
21  14   2   1   5   6   6  33  10   3   3   4   2  59  18   2   3   3   0  66  10   1   1   1   0   0   2   2   1   2   0   0   1   1  56
7   5   0   1   2   7   3  13   5   2   0   1   7  25  10   2   2   1   2  29   5   0   2   0   0   1   0   1   2   3   2   2   1   2  24
16  11   2   3   5   5   6  22   7   0   1   5   2  52  20   1   2   4   0  61  11   2   3   1   0   3   1   0   3   3   1   2   0   2  52
19  13   2   1   5   5   6  33  11   1   1   5   0  59  19   3   2   3   0  67   9   0   2   1   0   1   1   3   2   0   2   2   2   0  57
13   9   1   1   4   5   4  27  11   2   3   3   5  48  15   2   2   2   6  53   7   2   3   1   1   3   1   3   0   3   3   2   2   1  45
2   4   1   3   1   8   6   7   5   2   3   1   5  10   4   2   3   0   3  14   5   2   1   0   0   3   1   2   1   3   3   2   1   1  12
14  11   1   1   6   1   6  24   9   1   2   6   0  52  20   2   3   4   0  66  13   1   2   2   0   1   3   2   3   2   1   1   0   0  56
24  16   3   1   5   6   6  38  11   2   0   4   0  59  16   2   2   3   0  67  10   0   3   1   0   0   3   1   1   1   3   1   0   2  57
6   6   1   1   1   8   4   8   3   1   2   1   3  18   8   1   2   1   6  12   0   0   2   0   6   1   2   2   0   2   0   2   1   0  10
7  6  1  0  1  8  7  3  1  1  0  0  8  1  2  1  2  0  2  0  0  0  2  0  0  1  0  0  3  3  3  2  0  1  0
11   8   2   2   3   1   3  26  11   2   2   3   0  50  18   2   1   2   0  54   7   0   1   1   0   3   1   3   1   1   0   2   2   1  46
17  12   2   1   3   4   3  27   8   2   0   2   1  43  12   2   1   1   1  35   0   1   3   0   0   3   2   1   0   3   2   2   1   0  29
9  7  1  1  2  7  4  4  0  1  3  0  8  0  0  2  3  0  8  0  3  1  1  0  2  3  0  2  0  2  2  1  0  0  0
7   6   1   1   1   8   3  13   6   3   2   1   2  29  12   1   2   1   1  23   0   1   2   0   0   0   2   3   1   2   3   0   1   0  20
15  11   2   1   5   4   6  23   7   0   1   5   0  43  15   1   2   4   0  47   7   1   2   1   0   0   3   1   0   2   1   0   1   1  40
17  12   2   1   7   4   7  28  10   1   2   7   1  55  21   2   1   5   0  53   5   0   2   1   0   1   2   1   2   2   1   2   2   1  45
20  14   2   0   6   2   6  41  14   2   1   6   0  70  22   2   2   4   0  73   7   1   1   1   0   3   3   0   1   1   2   1   1   1  62
8   7   1   1   3   5   3  13   6   1   2   2   7  23   9   1   2   1   3  17   0   0   1   0   0   3   0   0   1   3   2   0   1   2  14
14  10   1   1   4   4   4  33  13   2   1   4   0  54  16   1   1   3   0  63  11   2   1   1   0   2   1   1   0   1   2   0   2   1  54
17  13   2   0   6   2   6  26   8   1   2   7   0  52  19   2   2   5   0  67  14   2   2   2   0   3   3   1   3   3   0   0   2   2  57
12  10   3   2   2   7   3  23   9   1   0   2   2  42  14   2   2   2   3  50  10   2   2   1   0   0   3   1   0   2   1   1   2   0  42
13   9   0   1   5   3   5  27  11   2   1   5   5  47  15   2   3   3   0  49   6   0   2   1   0   3   0   0   3   2   0   2   0   0  42
13  10   1   1   7   3   6  28  11   2   2   7   2  54  19   2   1   5   0  64  12   1   1   2   0   1   0   3   3   1   2   1   1   2  55
7   7   1   3   3   1   3  23  11   2   1   3   4  37  12   1   2   2   3  41   7   1   3   1   2   2   0   0   0   1   0   0   1   2  35
6   6   2   0   1   8   7  12   6   0   1   1   0  24   9   2   3   1   0  17   0   1   2   0   0   0   3   0   0   2   3   0   0   0  14
13  10   2   2   7   2   7  25  10   2   2   6   3  51  18   1   1   4   0  53   6   2   3   1   0   2   0   2   2   2   3   0   0   0  45
18  12   2   1   6   1   6  33  11   1   0   5   0  55  17   2   2   3   0  64  11   1   3   1   0   0   2   1   3   0   2   0   2   1  55
7   6   1   3   2   8   3  14   7   2   2   1   8  23   8   1   1   1   3  16   0   0   1   0   0   2   0   1   3   0   2   0   1   1  14
9   8   0   1   3   8   7  17   7   1   3   2   7  12   0   1   2   0   8   8   0   1   2   0   0   0   0   3   0   2   3   0   2   0   7
15  11   2   1   4   0   4  25   9   1   0   4   0  45  15   2   2   3   0  45   5   0   2   1   0   3   0   1   1   0   1   2   1   1  38
6   7   1   2   3   5   3  17   8   2   1   2   0  30  10   1   1   1   0  31   5   1   2   0   0   2   3   1   0   0   0   0   2   0  26
12  10   3   0   3   4   3  27  11   2   2   3   0  46  15   1   3   2   0  49   7   1   2   1   0   0   3   3   0   3   1   0   1   2  41
10   8   1   3   4   6   6  18   7   1   2   3   3  34  14   1   2   2   4  43   9   0   3   1   0   3   2   0   0   0   3   2   1   0  36
6   6   0   3   4   7   6  19  10   1   3   5   4  42  18   1   2   4   1  57  14   1   1   2   0   2   1   3   1   0   2   1   0   0  48
9   7   0   1   4   5   4  24  11   1   1   4   5  48  18   1   1   3   2  48   6   0   2   1   0   1   0   3   1   1   2   1   2   1  41
19  13   2   1   5   4   6  36  13   2   0   5   2  57  18   2   2   3   0  70  12   2   2   1   0   3   1   1   2   1   2   2   2   1  59
8   7   1   2   2   7   3  21  10   3   1   2   2  34  11   1   3   1   0  25   0   1   2   0   0   2   1   2   1   3   0   1   0   1  21
0  0  2  1  0  8  3  2  3  1  2  0  0  0  0  2  2  0  0  5  5  2  2  0  0  2  3  3  0  2  0  0  2  1  4
13   9   1   1   3   8   7  14   3   0   1   1   8  10   1   1   2   0   8  14   4   0   1   0   4   3   0   2   0   3   3   1   0   1  12
4   4   1   1   1   8   3   7   5   2   1   1   6  21  10   1   1   1   2  16   0   1   2   0   0   3   1   2   2   0   1   2   0   0  14
10   8   1   3   3   7   5  18   8   2   0   2   4  32  11   1   1   1   0  34   5   0   2   0   0   2   2   1   1   1   1   0   2   2  29
13   9   1   1   6   3   6  25   9   1   2   7   4  60  23   2   1   4   0  70  12   1   2   1   0   2   0   1   2   3   1   0   1   2  59
11   9   1   2   3   1   3  24  11   2   2   4   0  46  17   1   2   3   0  49   6   1   2   1   0   2   2   2   0   3   2   0   1   1  42
16  12   1   1   7   5   6  20   6   0   1   7   0  50  20   1   2   4   0  62  12   1   2   1   0   0   3   0   1   2   1   0   0   1  53
6  5  1  2  1  8  5  0  0  1  2  0  8  0  2  0  1  0  7  0  0  1  2  0  2  3  0  3  1  1  1  1  1  2  0
15  10   2   3   6   1   6  27  10   1   1   5   0  54  20   1   2   4   0  62  10   0   2   1   0   3   1   1   0   3   3   2   2   1  53
15  10   1   1   3   7   4  23   8   1   2   3   1  40  14   1   2   2   0  50  10   1   1   1   0   0   3   2   2   2   2   0   1   1  42
12  10   2   2   4   7   6  25  10   1   1   5   1  52  19   2   2   3   0  52   5   0   2   1   0   1   2   3   3   0   0   1   1   0  44
9   7   1   3   3   4   4  21  10   2   1   2   1  39  14   2   1   1   0  37   3   0   1   0   0   3   3   1   1   2   0   2   1   0  31
7   6   1   1   2   4   3  15   7   2   2   1   0  33  14   2   1   1   0  27   0   0   3   0   0   1   2   1   1   2   1   1   2   0  23
15  11   2   1   3   4   3  20   5   0   3   3   0  41  17   3   2   2   0  51  11   0   1   1   0   1   2   2   3   0   3   2   0   0  43
13  10   1   2   6   2   6  27  10   1   2   5   0  46  14   0   1   3   0  50   7   0   2   1   0   2   2   1   2   0   1   0   2   0  42
11   8   0   1   7   5   7  22   9   1   1   7   0  46  18   1   1   4   0  49   6   0   1   1   1   0   1   3   3   3   0   0   1   1  42
18  13   2   3   6   1   6  35  14   2   1   5   2  58  17   1   2   3   1  67  10   2   2   1   0   0   0   3   1   0   3   1   2   1  57
16  11   3   1   4   1   4  27  10   1   3   4   0  42  13   1   2   3   0  42   5   1   2   1   0   0   2   3   1   3   1   1   2   2  35
14  11   2   1   4   6   4  21   7   2   3   3   0  41  15   2   1   2   0  41   4   0   2   0   0   2   3   3   1   1   1   0   2   1  34
8   7   1   2   3   7   5  18   8   2   1   3   2  38  15   1   1   2   1  45   9   1   1   1   0   0   3   0   1   1   1   0   0   2  38
7   6   1   1   1   8   4  10   4   1   1   1   4  28  13   2   2   1   0  23   1   1   2   0   0   0   1   0   3   1   2   0   1   2  19
0  0  1  1  0  8  7  0  0  2  1  0  2  5  5  2  1  0  0  6  4  0  1  0  0  1  2  0  1  3  3  1  0  2  5
16  12   2   1   4   6   5  25   8   2   1   2   7  35   9   1   2   1   1  27   0   0   1   0   0   2   0   1   2   1   3   0   1   2  23
13  10   0   0   5   5   6  27  11   2   1   4   6  58  21   3   1   3   2  59   6   1   2   1   0   0   0   3   3   0   3   0   2   0  50
12   9   1   1   6   5   6  18   7   1   2   4   6  17   2   1   2   0   8  10   0   0   3   0   3   1   0   2   0   2   2   2   1   0   8
12   9   1   1   4   0   4  30  13   3   1   4   0  51  16   2   3   3   0  62  11   2   3   1   0   2   3   1   1   3   1   0   2   1  53
9   8   2   1   2   8   5  16   7   2   3   2   4  27  10   0   2   2   0  42  12   1   1   1   0   1   2   2   3   1   2   2   1   2  35
7   6   0   0   3   6   5  22  11   2   2   3   0  41  14   1   3   2   0  44   7   0   1   1   0   1   3   3   0   2   1   2   2   1  38
18  12   2   1   5   0   5  32  11   1   1   6   0  55  17   2   1   4   0  65  10   0   3   2   0   3   3   0   2   1   2   2   0   0  56
19  14   2   0   5   4   6  37  13   2   1   5   0  65  20   2   2   4   0  72  11   3   1   1   0   1   2   3   3   1   0   2   1   1  61
13   9   1   1   5   0   5  28  12   2   2   6   0  45  13   0   3   4   0  51   9   2   3   1   0   3   0   1   1   2   0   0   2   0  43
16  11   3   2   3   8   5  26  10   2   1   3   4  47  16   2   2   2   1  59  12   1   2   1   1   3   2   1   1   1   0   0   2   1  50
22  15   2   0   5   4   5  35  11   2   0   5   0  52  15   1   3   4   0  53   7   1   3   1   0   1   2   0   0   3   1   2   1   1  45
16  12   2   1   7   5   7  37  15   3   2   6   6  63  20   2   1   3   3  68   8   0   2   1   0   2   0   0   2   0   2   1   0   0  58
9   8   0   1   4   4   4  27  12   2   1   4   2  57  22   3   1   3   1  59   7   0   2   1   0   3   3   0   1   0   0   1   1   0  51
6   6   1   2   1   8   4   9   5   1   3   1   4  21  10   1   2   1   1  22   4   0   2   0   0   2   1   2   3   0   0   1   1   1  18
17  12   2   1   4   3   4  31  11   2   2   4   0  47  13   1   2   3   0  56  10   1   2   1   0   2   1   3   1   3   3   0   2   2  47
13   9   1   1   3   0   3  20   8   2   3   3   0  39  15   2   2   2   0  49  10   1   1   1   0   0   3   3   1   2   0   1   2   1  42
13  10   1   1   3   1   3  26  11   1   0   3   0  48  17   2   2   2   0  55  10   2   2   1   0   0   3   1   0   1   1   0   1   2  47
23  16   3   0   6   1   6  38  12   1   2   7   0  59  17   1   1   5   0  71  14   1   2   2   0   0   2   1   0   2   0   0   2   0  60
17  13   2   2   5   3   5  39  15   3   1   5   0  59  17   1   2   4   0  67  10   2   1   1   0   3   2   3   2   0   3   2   1   1  57
13  10   1   1   7   2   7  29  12   2   0   7   0  55  20   1   3   5   0  76  17   2   1   2   0   3   1   0   2   2   3   1   0   1  64
13  10   1   1   6   2   6  26  10   1   2   6   0  49  16   2   3   4   0  52   7   0   3   1   0   2   2   1   3   3   3   1   2   1  44
19  12   1   1   5   4   6  33  11   1   0   5   0  55  17   1   2   4   0  57   6   1   3   1   0   1   2   1   3   2   2   2   2   0  49
9   7   1   3   5   2   5  20   9   1   1   4   0  42  16   2   2   3   0  46   7   0   2   1   0   3   2   0   1   3   1   1   0   2  39
11   8   1   2   3   7   5  20   9   1   2   3   4  33  12   1   2   2   0  45  11   1   2   1   0   3   1   1   2   0   2   1   2   1  38
15  11   2   1   3   5   4  21   7   1   3   3   1  42  15   1   1   2   0  45   6   0   1   1   0   3   2   2   3   3   1   2   0   1  38
15  10   1   1   3   6   5  23   7   0   3   3   5  41  14   0   1   2   2  43   5   0   2   0   2   0   0   3   2   0   0   0   1   0  36
16  11   1   1   5   2   6  34  13   2   2   5   0  49  14   0   2   3   0  60  11   1   1   1   0   0   1   1   1   3   3   0   1   1  51
0  2  1  0  0  8  5  0  1  2  1  0  0  0  0  1  2  0  0  5  6  1  3  0  0  0  3  1  3  3  1  1  2  2  4
10   9   1   1   5   3   5  23  10   1   1   6   0  36  12   0   1   3   0  42   8   2   3   1   2   3   1   3   2   3   0   0   1   2  36
8  7  2  2  1  8  6  6  0  1  1  0  8  8  3  2  2  0  0  2  0  0  2  0  0  3  0  0  3  3  2  2  0  1  2
6   6   1   1   2   8   6   7   4   0   2   1   5  14   7   2   3   1   6  16   5   1   2   0   1   0   2   2   0   2   3   0   0   0  14
6   6   0   3   4   7   6  21  11   2   1   5   2  50  20   3   1   4   0  56   8   0   1   1   0   3   3   1   2   3   1   2   2   2  48
11   9   1   1   6   4   6  28  12   1   1   5   2  57  21   3   2   4   2  61   8   1   1   1   0   3   3   3   0   1   3   2   2   1  52
13  10   1   1   4   7   6  26  10   2   3   4   3  39  11   0   2   2   4  48   9   0   1   1   2   3   2   3   0   3   1   1   1   2  41
13   9   1   1   6   3   6  32  13   2   1   6   0  58  18   2   1   4   0  64   9   2   1   1   0   1   2   1   2   0   2   1   2   0  55
19  13   2   0   5   5   6  40  15   3   2   5   0  54  13   1   2   3   0  58   7   0   3   1   0   0   1   2   0   1   1   0   0   0  49
15  10   2   1   5   6   7  27  10   2   2   4   2  51  17   1   2   3   0  59   9   0   2   1   0   1   2   3   2   2   2   1   2   1  51
12   9   1   2   4   4   5  21   9   1   1   4   5  41  14   0   3   3   0  49   9   0   1   1   0   0   0   1   3   2   1   1   1   1  42
14  10   1   3   4   5   4  23   8   2   2   2   7  29   7   1   2   1   3  30   4   2   2   0   1   2   0   3   1   2   1   0   2   0  26
10   8   1   3   4   2   5  27  12   2   2   4   0  56  21   2   2   3   0  63   8   0   2   1   0   2   2   3   1   3   2   0   1   1  53
14  10   2   2   3   4   4  24   9   2   0   3   3  39  13   2   3   2   0  48  10   0   1   1   0   3   1   1   3   3   0   1   1   1  41
13  10   1   2   5   4   5  28  11   2   2   5   0  48  15   1   3   4   0  53   8   0   3   1   0   2   2   3   2   2   2   1   2   0  45
10   8   1   1   4   4   4  22  10   2   2   4   5  36  12   1   3   2   3  49  13   2   2   1   4   3   0   1   3   3   0   0   1   2  42
12   9   1   1   3   8   6  22   8   1   1   3   4  35  11   2   2   2   0  47  12   1   1   1   0   2   2   0   2   2   3   0   0   1  40
11   8   0   1   6   4   6  28  13   2   0   5   3  53  18   2   2   3   0  57   7   1   1   1   0   2   1   0   3   3   2   0   0   1  48
19  14   3   1   5   5   6  35  12   2   0   3   6  57  17   2   2   2   0  64   9   2   2   1   0   1   0   0   2   3   3   1   1   1  55
12   9   1   1   5   6   7  24  10   1   1   5   3  44  16   1   2   3   4  56  11   1   1   1   0   1   2   3   0   3   2   0   1   2  48
11   9   2   1   3   5   3  24  10   2   2   3   0  44  15   2   3   2   0  54  10   2   2   1   0   0   3   1   2   2   3   0   2   0  46
21  15   2   1   6   5   6  35  11   1   1   7   3  60  19   1   3   5   0  72  12   1   3   2   0   2   1   1   3   3   2   0   2   1  61
14  10   1   1   6   3   5  22   8   1   2   5   0  50  19   1   2   3   0  58   8   0   1   1   0   2   3   2   3   2   1   0   0   0  49
9   8   0   1   3   5   3  25  12   3   2   3   0  38  11   1   2   2   0  46   8   1   2   1   0   1   2   0   2   3   1   2   0   1  39
14  10   2   1   3   1   3  30  12   3   3   3   0  47  14   1   2   2   0  59  12   2   1   1   0   1   2   3   3   2   0   2   2   1  50
11   8   0   3   6   5   6  24  10   2   2   6   1  53  21   2   1   4   0  56   7   1   2   1   0   3   3   3   3   1   2   2   2   2  48
6   6   0   1   4   0   5  23  12   2   1   4   0  50  19   2   1   3   0  52   7   1   1   1   0   0   0   2   3   1   2   0   1   2  44
20  14   2   1   6   2   7  34  12   2   1   5   0  63  20   3   1   4   0  71  10   0   2   1   0   2   2   2   2   2   2   1   1   0  60
19  13   3   1   5   5   5  26   7   0   1   4   5  46  16   2   1   3   0  45   5   0   3   1   0   0   0   1   2   1   3   0   1   2  38
14  11   2   1   4   7   5  25   9   2   2   4   2  45  15   2   3   3   0  52  10   0   1   1   0   3   2   3   2   3   1   2   1   2  44
12  10   1   3   6   1   6  23   9   0   1   6   0  46  18   2   2   4   0  51   8   1   2   1   0   3   3   1   1   1   0   2   1   1  43
17  12   1   1   5   6   7  31  10   2   3   3   6  45  12   1   2   2   2  55   9   0   2   1   0   1   0   3   2   3   2   1   2   1  47
13   9   2   3   3   1   3  20   7   1   1   3   0  31  10   1   3   2   0  34   5   0   3   1   0   2   3   2   2   2   3   1   0   1  29
14  11   1   2   5   4   4  22   8   1   3   5   0  41  14   1   1   3   0  54  12   1   2   1   0   3   2   3   0   0   3   2   1   0  46
13  10   2   0   2   6   3  21   7   2   2   1   5  32  10   2   2   1   2  26   1   2   1   0   0   0   0   2   2   2   2   1   0   0  22
15  11   2   2   4   7   5  13   1   2   1   0   8  18   6   1   2   0   0  12   0   2   2   0   0   2   0   1   3   2   0   1   1   0  10
15  11   2   1   6   5   6  29  10   2   3   5   3  54  18   1   2   4   1  65  11   0   1   1   0   3   1   3   1   1   1   2   2   0  55
18  12   2   3   5   1   4  34  12   2   2   5   0  61  21   3   2   3   0  68   9   0   2   1   0   3   1   2   3   3   3   2   0   2  58
11   8   1   3   7   0   7  24  10   2   2   6   0  51  19   2   2   4   0  62  11   0   1   2   0   2   1   1   3   1   3   1   2   2  53
18  13   1   1   7   3   6  32  11   2   3   7   0  56  18   1   2   4   0  66  11   0   3   2   0   3   3   3   2   0   1   2   2   0  56
18  12   1   1   5   3   5  26   8   1   1   5   0  46  16   1   2   4   0  61  14   2   2   2   0   3   2   1   0   1   0   1   2   2  52
17  11   1   1   5   1   5  28  10   2   2   4   3  54  19   3   2   3   0  60   9   1   1   1   0   3   0   0   1   3   0   2   0   2  51
11   9   1   1   4   6   5  21   9   2   2   3   5  41  14   2   1   2   0  48   9   0   2   1   0   3   1   1   3   0   3   2   2   0  41
7   6   0   1   4   5   4  24  13   2   1   4   0  51  19   3   1   3   0  59  10   1   2   1   0   0   2   1   0   3   2   0   2   2  50
11   8   1   1   3   7   4  21   9   2   0   2   2  41  14   1   1   2   0  51  10   2   3   1   0   0   2   1   1   3   3   0   2   0  44
11   9   1   1   7   5   7  28  12   1   2   6   1  49  16   1   2   4   0  54   8   1   3   1   0   3   3   1   1   3   2   2   0   1  46
20  13   3   1   7   0   7  34  11   1   0   7   0  52  15   1   3   4   0  59  10   1   1   1   0   1   2   1   1   3   0   2   2   2  50
16  11   1   2   7   2   6  32  12   2   2   7   2  63  23   3   3   5   0  70   9   0   2   1   0   1   0   1   3   3   1   1   1   1  60
10   8   2   1   1   8   6  16   6   2   2   1   4  29  11   2   2   1   0  23   0   0   3   0   1   0   1   1   2   3   0   1   2   2  20
11   9   1   3   4   1   4  21   8   1   1   4   0  43  17   1   2   3   0  47   7   0   3   1   0   1   1   3   0   1   1   2   2   2  40
17  12   2   1   4   4   5  28   9   1   1   4   0  54  18   2   2   3   0  62   9   0   2   1   0   1   1   1   2   0   3   2   2   0  53
16  11   2   2   5   6   6  29  11   1   2   6   1  50  17   1   2   4   0  56   8   0   3   1   0   1   2   3   1   3   0   2   2   2  47
16  11   1   3   6   1   6  27   9   1   2   6   4  44  14   0   2   4   0  55  10   1   3   1   0   2   0   3   2   3   0   1   2   2  47
20  14   2   1   6   2   5  31  10   1   1   7   0  53  16   1   3   5   0  74  17   2   2   2   0   1   1   0   2   3   1   2   1   1  63
7   6   2   2   1   8   6   9   3   2   2   0   4  15   6   2   2   0   0  16   4   1   2   0   0   2   1   2   2   2   1   0   1   0  14
14  10   2   1   4   2   4  25   9   1   1   3   0  42  14   2   1   2   0  49   9   1   1   1   0   1   1   2   3   1   2   2   1   2  42
11   8   2   0   1   8   4  14   5   2   1   1   4  29  11   1   3   1   0  30   4   0   2   0   0   0   3   0   1   3   2   0   1   2  26
12   9   2   2   3   3   3  21   9   2   1   3   3  39  14   2   1   2   6  31   0   1   2   0   8   0   0   2   0   3   0   0   0   2  26
18  12   2   1   3   0   3  23   6   1   1   2   0  32   9   0   2   1   0  29   2   1   2   0   0   1   0   1   3   3   2   2   1   1  25
21  14   2   2   6   5   6  39  13   3   0   6   0  58  15   0   2   4   0  62   8   0   1   1   0   0   2   0   1   1   1   1   0   2  53
11   9   1   3   5   5   6  21   9   1   1   5   0  35  12   0   2   3   0  40   7   0   3   1   0   2   2   3   3   3   3   0   1   2  34
18  12   2   1   4   2   4  27   9   1   2   4   3  51  18   2   2   3   0  52   5   0   3   1   0   1   0   1   3   2   0   1   2   0  44
12   8   1   0   4   2   4  20   8   1   3   4   2  37  14   1   1   3   0  42   8   0   3   1   0   0   0   2   3   1   1   0   0   1  36
12   8   0   2   5   6   5  25  10   2   2   4   4  39  13   0   2   2   6  41   6   1   1   0   7   3   3   2   0   3   0   1   0   2  35
11   9   1   1   5   0   4  32  15   2   0   5   0  51  16   2   2   3   0  54   6   1   2   1   0   3   3   1   3   1   1   1   2   1  46
9   7   1   1   1   8   5  16   6   2   2   1   4  19   5   0   2   1   3  13   0   1   1   0   0   3   2   2   1   1   3   1   1   1  11
17  12   2   1   3   5   3  27   9   1   1   3   0  47  15   1   1   2   0  48   5   1   1   1   0   0   2   3   0   0   1   0   2   1  41
19  13   2   1   6   5   7  31  10   1   2   5   1  56  18   1   1   3   0  59   8   1   2   1   0   3   1   3   3   1   0   1   2   1  50
13   9   1   1   5   2   5  27  11   2   1   5   3  55  20   2   1   3   2  56   6   0   1   1   4   2   0   0   0   3   0   0   1   1  48
17  12   2   1   5   2   6  30  11   2   3   5   0  51  16   2   3   3   0  60  10   2   2   1   0   3   1   1   2   3   3   1   2   1  51
8   7   1   2   3   8   7  22  10   2   1   3   5  41  15   3   2   2   0  50  10   2   3   1   0   0   0   3   1   3   3   0   1   1  43
15  11   1   2   5   6   7  31  11   1   1   5   2  49  14   0   3   3   3  56   9   2   3   1   0   1   2   3   0   3   2   2   1   1  48
13   9   1   1   4   5   4  26  11   2   1   4   2  45  15   1   1   3   0  55  11   1   2   1   0   3   1   0   2   1   1   1   1   1  47
16  12   2   1   7   1   7  32  13   2   0   7   0  58  20   1   2   5   0  71  12   1   1   2   0   1   1   0   0   2   2   2   0   1  60
8   7   1   2   3   7   6  20   9   1   1   3   4  35  13   1   2   2   0  44  10   1   2   1   0   2   1   1   3   2   3   1   1   1  37
15  10   2   1   4   0   4  23   7   1   3   3   0  38  12   1   3   2   0  56  14   2   1   1   0   1   0   2   2   3   3   1   0   2  48
9   8   1   1   2   7   4  17   7   2   1   2   2  28  10   2   2   1   0  31   5   0   3   0   0   2   3   3   3   1   2   0   2   2  27
15  10   3   3   4   5   4  28  10   1   0   4   0  47  16   1   2   3   0  58  12   2   1   1   0   2   1   1   2   3   0   1   2   2  49
4   5   1   3   1   8   3  13   8   2   2   1   4  19   7   1   3   1   7  14   0   0   3   0   0   2   2   3   0   2   3   0   2   0  12
17  12   2   3   4   2   4  28   9   2   2   4   4  53  18   2   1   3   0  58   8   1   3   1   0   3   0   3   2   0   3   0   1   1  50
12   9   1   3   4   0   4  20   8   0   1   4   0  42  16   2   1   3   0  56  12   1   2   1   0   3   2   1   0   3   3   2   2   2  48
13  11   2   1   6   6   7  26  11   1   2   7   2  54  20   1   1   4   0  58   8   1   2   1   0   2   1   3   2   2   1   0   0   1  49
16  11   2   2   7   3   6  29  11   1   2   6   5  53  17   0   1   4   0  64  12   1   3   1   0   2   0   1   2   1   3   0   2   1  54
14  11   1   1   6   0   6  27  10   2   3   5   0  47  16   2   2   3   0  53   9   1   2   1   0   0   0   3   0   3   1   0   1   2  45
10   8   0   1   6   0   6  24  11   2   1   6   0  54  22   2   2   4   0  65  12   1   2   1   0   0   1   0   0   2   3   0   1   0  55
5   5   0   1   2   4   3  18   9   2   1   2   0  26   8   1   2   1   0  27   5   1   1   0   0   2   2   2   3   3   1   0   0   1  23
17  12   2   0   3   7   5  28   9   1   2   3   5  47  14   1   2   2   0  52   7   0   2   1   0   0   1   0   3   3   2   1   0   2  44
12   9   1   1   4   1   4  24  11   2   1   3   5  40  12   2   3   2   0  43   6   0   2   1   0   3   0   3   3   3   1   0   1   1  37
12   9   1   3   6   5   6  27  11   2   1   6   1  51  19   2   3   4   0  59  10   0   1   1   0   3   1   1   2   1   0   2   1   1  50
7   6   0   1   2   8   6  14   7   1   1   2   3  31  14   1   3   2   0  33   5   0   2   1   0   1   3   3   3   3   1   2   1   2  28
13  10   1   2   7   5   6  28  12   2   1   6   1  52  17   1   2   4   0  54   7   0   2   1   0   3   2   0   1   3   2   2   0   1  46
17  12   2   1   4   7   6  25   7   1   1   2   8  37  11   1   1   1   6  32   2   0   2   0   7   2   0   2   1   1   0   0   1   2  28
13  10   1   0   4   2   4  24   8   1   3   4   0  47  16   1   1   3   0  55   9   1   1   1   0   1   2   3   1   3   2   2   1   1  46
15  11   1   1   6   3   6  33  13   2   2   6   0  60  19   2   1   4   0  62   7   1   2   1   0   2   3   2   1   0   3   0   0   1  53
10   8   2   1   2   8   6  19   7   2   2   2   6  33  11   1   2   2   1  39   9   1   1   1   0   3   1   3   2   1   2   1   2   2  33
14  10   2   1   4   7   5  25   9   2   2   3   3  39  12   1   1   2   0  41   6   0   2   1   0   3   1   1   3   1   3   1   2   2  35
18  12   3   3   6   4   6  36  14   2   2   7   0  66  21   2   3   4   0  74  10   1   1   1   0   2   2   3   0   3   1   0   2   2  63
14  10   0   2   7   2   7  25   9   1   1   7   0  53  20   2   3   5   0  67  14   1   1   2   0   3   1   2   2   3   2   1   1   2  57
16  11   1   1   6   1   6  23   8   1   3   6   0  41  15   1   2   4   0  53  11   1   3   1   0   1   0   2   0   3   2   1   0   2  45
13  10   1   0   5   4   6  25   9   1   1   5   0  39  13   0   1   3   0  42   6   0   1   1   0   1   3   0   2   1   3   2   0   2  36
14  10   1   1   5   1   6  28  11   2   0   5   0  48  16   1   1   3   0  60  11   1   2   1   0   1   3   1   2   3   0   1   2   2  51
15  11   1   1   5   0   5  29  11   2   0   4   0  53  17   1   2   3   0  56   7   0   1   1   0   3   3   0   2   3   3   2   1   1  47
10   7   0   1   3   6   3  21   9   2   3   3   0  44  16   3   2   2   0  53   9   0   2   1   0   1   3   3   2   3   1   1   1   2  45
14  10   1   3   5   4   4  27  10   2   1   4   0  52  18   2   2   3   0  57   8   1   1   1   0   3   2   3   0   3   3   2   2   2  48
10   8   0   0   4   4   4  23  10   2   2   4   4  46  17   2   2   3   0  55  10   2   3   1   0   1   0   3   3   3   1   2   1   2  47
13  10   1   3   7   0   7  25  10   2   2   6   0  47  17   1   2   4   0  47   5   1   2   1   0   3   1   3   0   3   0   0   2   2  40
14  10   1   1   6   3   6  27  10   1   2   5   3  47  15   1   2   3   0  50   7   1   1   1   0   1   0   3   3   2   1   1   1   0  42
9   7   1   1   2   7   3  26  11   2   0   2   1  31   7   1   1   1   0  33   5   0   1   0   0   1   2   0   2   3   3   2   1   2  28
14  10   1   3   6   6   6  24   9   1   2   5   3  43  15   2   2   3   0  50   8   0   1   1   0   3   2   1   2   0   2   0   2   0  42
11   9   1   2   5   6   6  28  13   2   1   5   4  52  18   1   1   4   4  57   8   0   3   1   1   3   2   0   0   3   3   0   1   0  48
12   9   1   1   3   3   3  30  13   2   0   4   0  55  18   2   2   3   0  65  10   0   1   1   0   0   2   0   0   1   1   0   0   1  55
14  10   2   0   2   8   6  28  10   2   1   2   6  41  11   1   2   2   3  49   9   0   3   1   3   1   3   1   1   3   0   2   2   2  42
3  4  1  1  1  8  7  6  3  1  2  1  7  1  0  1  2  0  8  3  4  0  2  0  6  1  0  2  0  3  1  2  1  1  3
14  10   2   1   3   4   4  24   8   1   2   3   0  45  16   1   1   2   0  58  12   1   1   1   0   0   1   1   1   1   2   0   2   1  50
19  14   3   2   5   2   6  30   9   1   1   4   3  55  18   2   1   3   5  66  11   1   2   1   1   3   0   2   0   2   1   2   0   0  56
18  13   3   1   6   4   6  28   9   1   0   6   0  52  18   2   3   4   0  60  10   0   2   1   0   1   3   0   0   3   1   0   0   2  51
7   6   0   1   2   8   5  16   7   1   1   2   1  29  11   2   2   1   1  26   1   0   2   0   2   1   3   1   0   2   0   1   1   1  22
18  13   2   2   6   2   6  29   9   1   2   5   0  54  19   1   1   4   0  60   8   0   1   1   0   0   3   2   0   0   0   0   0   0  51
14  10   1   1   6   6   6  35  15   2   1   6   0  62  19   2   2   5   0  80  16   2   2   2   0   1   2   3   0   2   0   2   2   0  68
12   9   1   1   4   2   4  25  10   1   0   4   0  45  15   1   2   2   0  45   5   1   2   0   0   1   0   0   3   0   0   2   0   0  38
7   7   0   0   5   1   5  19   9   1   0   4   0  40  16   1   2   3   0  49  11   1   2   1   0   0   0   0   0   3   0   0   0   2  41
12   9   1   1   4   5   4  22   9   2   2   4   0  48  18   1   1   3   0  53   8   0   1   1   0   0   2   1   0   3   3   0   2   1  45
10   8   2   2   2   8   6  17   6   2   3   2   6  27   9   1   1   1   7  22   0   0   2   0   2   0   1   3   0   0   2   0   1   1  19
9   7   1   1   3   6   4  23  11   3   2   2   3  37  12   2   2   1   0  31   2   0   2   0   0   2   3   2   2   1   2   0   0   2  26
11   9   0   0   5   4   6  21   8   1   2   4   0  44  16   2   2   3   0  49   9   0   2   1   0   1   3   0   2   3   1   2   1   1  42
13  11   2   2   7   2   6  22   9   1   2   6   0  45  16   1   2   4   0  53   9   1   1   1   0   3   2   1   1   3   2   1   1   2  45
