8   6   0   1   5   5   6  19   9   0   1   4   1  47  20   2   1   3   0  55   9   1   1   1   0   0   2   1   1   2   2   0   2   0  47
5   6   0   1   6   3   6  17  10   1   2   6   5  44  19   2   2   4   3  46   6   1   3   1   1   3   0   2   1   2   1   1   0   0  39
18  12   2   0   7   4   6  34  13   2   1   6   0  56  17   0   2   4   0  70  14   2   1   2   0   0   3   3   3   3   1   0   2   1  60
0  0  0  0  0  8  4  0  0  2  1  0  4  3  4  1  1  0  3  0  0  0  2  0  0  1  3  0  0  0  2  2  0  1  0
13   9   1   2   4   7   6  28  12   2   1   5   3  52  17   2   2   3   0  58   9   1   3   1   0   3   2   1   1   2   1   2   2   0  49
12   9   0   1   5   5   7  22   8   1   3   5   0  49  18   1   2   3   0  58   9   1   3   1   0   3   3   2   1   1   0   2   0   2  49
17  12   1   1   6   4   6  34  13   2   1   5   0  56  18   1   1   3   0  55   5   0   2   1   0   3   2   1   1   3   3   2   1   1  47
11   8   0   3   4   2   4  24  10   2   1   3   1  37  12   0   1   2   0  48  11   1   3   1   0   3   1   3   2   3   3   2   1   2  41
13  10   1   1   5   6   5  26  10   2   1   5   6  48  16   2   3   2   7  54   8   0   1   1   2   1   0   1   0   3   3   1   2   2  46
21  14   3   1   5   4   6  34  10   1   0   5   3  60  20   2   2   4   0  72  12   2   1   1   0   0   0   0   1   1   3   0   0   2  61
12  10   1   1   5   1   5  26  11   1   2   5   2  44  15   1   1   3   0  51  10   1   2   1   0   1   0   3   2   2   0   2   2   0  44
13  10   2   1   4   7   6  30  13   2   1   5   0  57  19   1   1   4   0  64   9   0   2   1   0   0   3   3   2   3   1   0   2   2  55
19  12   3   3   3   2   3  26   6   1   3   2   0  43  14   3   2   2   0  51  10   1   3   1   0   2   2   3   0   1   2   0   1   2  43
5   6   0   1   2   3   3  17   9   3   3   2   0  24   7   0   1   1   0  19   0   1   3   0   0   1   3   3   3   2   2   2   2   1  17
8   6   0   2   5   5   6  22  10   1   1   5   0  51  20   2   1   4   0  54   7   0   1   1   0   1   3   0   1   0   2   1   0   0  46
17  13   2   1   4   2   4  37  14   2   0   4   0  55  14   1   1   3   0  65  11   1   2   1   0   1   1   1   1   0   2   2   2   1  55
20  13   2   0   4   4   5  32  10   1   1   4   0  54  17   2   1   2   0  46   1   1   2   0   0   1   1   1   2   3   1   2   1   2  39
17  12   3   1   5   2   5  33  11   2   3   4   3  48  13   1   2   2   2  51   7   1   1   1   0   3   0   1   0   1   2   2   2   2  43
16  12   2   2   7   0   6  30  10   1   2   7   0  64  24   2   1   5   0  74  11   1   3   2   0   1   0   2   2   1   3   1   0   1  63
1   3   0   2   1   8   6   6   5   2   1   1   5  12   6   1   3   1   0   8   0   1   3   0   0   1   0   1   3   3   2   2   2   2   7
6   6   1   2   2   1   3   7   4   0   1   1   4  19  11   1   2   1   0  13   0   0   2   0   0   3   0   3   3   2   2   2   1   0  11
20  14   2   0   5   0   5  43  16   3   0   5   0  60  15   1   1   3   0  60   6   1   1   1   0   1   1   0   1   0   3   2   0   0  51
8   7   0   1   4   5   5  21  10   1   1   4   2  44  17   2   2   3   0  50  10   0   1   1   0   2   3   3   1   2   1   0   2   0  42
16  11   2   1   3   7   6  30  10   2   0   3   1  47  14   1   2   2   0  53   9   0   2   1   0   1   3   0   0   0   3   2   0   0  45
11   9   1   1   4   0   5  26  12   2   2   4   0  46  15   1   2   3   0  51   9   0   2   1   0   3   2   1   2   1   0   2   1   1  43
10   8   1   1   5   1   5  21  10   2   2   5   0  50  21   2   2   4   0  56   9   1   2   1   0   2   3   2   1   1   0   0   1   2  48
10   8   1   1   6   3   6  21  10   1   1   6   2  36  12   0   2   3   1  41   8   1   2   1   0   0   0   1   1   3   2   0   1   0  35
10   9   1   2   3   4   3  30  13   3   1   3   0  46  13   1   1   2   0  52   8   1   1   1   1   3   2   1   0   3   0   2   1   1  44
18  12   1   1   4   4   4  34  12   2   2   4   2  56  17   1   2   3   0  62   8   0   3   1   0   3   1   1   3   1   1   1   1   1  53
15  11   2   1   5   2   6  36  14   2   1   5   2  58  17   2   2   4   0  59   6   0   2   1   0   1   0   0   1   1   1   2   1   2  50
12   9   1   2   6   1   6  30  13   3   1   5   4  55  19   2   2   3   2  60   8   1   2   1   0   3   0   2   1   2   1   2   0   1  51
13  10   2   3   6   1   6  30  13   2   1   5   0  49  16   2   2   3   1  57  10   1   2   1   0   3   3   3   0   2   1   1   1   0  48
17  12   2   1   5   1   5  32  11   1   1   5   0  57  18   3   2   4   0  65  10   1   2   1   0   1   2   3   2   0   1   1   1   0  55
18  13   2   0   7   3   6  35  12   2   2   6   0  68  23   2   1   5   0  75  10   1   2   1   0   1   3   3   0   1   3   1   2   2  64
9   7   0   3   6   3   6  27  12   1   1   6   0  55  19   1   1   4   0  58   6   0   2   1   0   1   2   2   0   1   3   2   0   2  49
14  11   2   3   5   5   5  30  12   2   0   6   0  49  16   1   1   4   0  52   6   0   2   1   0   3   2   1   1   0   0   1   1   0  44
9   7   1   3   3   1   3  18   7   1   1   3   0  37  14   2   2   2   0  40   5   0   1   1   0   2   3   2   2   0   3   0   0   1  34
18  12   2   2   6   5   6  27   9   1   1   6   2  54  20   2   2   4   0  60   9   0   3   1   0   0   2   0   3   2   2   1   1   0  51
14  10   2   2   3   6   3  24   8   1   3   3   5  42  14   2   2   2   0  46   7   1   3   1   0   0   0   2   2   1   3   0   0   2  39
14  10   2   1   5   5   6  27  10   1   1   3   7  40  12   1   2   2   1  46   8   2   2   1   0   3   0   1   2   2   1   2   2   0  39
23  16   3   2   6   4   6  33   9   1   2   5   0  57  18   1   1   4   0  57   5   0   1   1   0   1   3   1   1   3   2   2   2   2  49
17  12   1   0   6   3   6  31  11   1   2   7   0  57  19   2   2   5   0  70  13   0   1   2   0   0   0   2   0   2   1   0   0   0  59
11   8   0   1   4   7   5  27  12   2   1   4   5  48  15   2   2   3   2  59  11   1   2   1   0   2   1   2   1   1   2   0   0   1  50
13   9   1   1   7   0   6  37  16   2   0   7   0  57  16   0   2   5   0  76  16   1   1   2   0   1   0   1   3   3   1   0   1   0  64
16  11   1   0   6   4   6  32  12   1   1   6   5  59  19   2   1   4   0  59   6   1   3   1   0   1   0   2   1   2   0   2   1   0  51
8   7   0   1   6   2   6  28  14   2   0   6   0  54  19   2   2   4   0  66  12   1   1   1   0   1   1   1   0   3   2   2   1   1  56
17  12   2   1   6   1   6  29  10   1   1   5   0  48  15   1   2   4   0  55   8   2   3   1   0   1   1   1   1   2   2   1   2   1  47
10   8   0   0   4   2   5  26  11   2   3   4   0  46  16   2   2   3   0  48   6   0   2   1   0   1   3   2   3   1   0   1   0   2  41
1  3  1  2  1  8  4  0  1  1  1  0  8  4  4  1  3  0  6  0  0  1  1  0  3  3  0  1  1  3  3  1  2  2  0
27  17   3   0   5   0   5  41  11   2   1   5   0  57  13   1   2   3   0  63   9   2   3   1   0   1   3   0   2   3   2   1   0   2  53
9   7   0   1   3   7   5  21  10   1   1   3   2  40  15   2   1   2   0  46   7   2   1   1   0   2   2   0   3   1   0   0   0   2  39
16  11   2   2   3   0   3  28  10   2   2   3   0  52  17   2   2   2   0  61  11   2   3   1   0   0   0   3   2   3   0   1   2   2  52
17  13   3   1   4   3   4  31  11   2   1   4   0  48  14   1   2   3   0  57   9   0   1   1   0   1   2   3   3   3   0   2   2   1  48
9   7   0   0   4   2   4  19   8   1   0   4   3  39  16   2   1   2   1  50  11   1   2   1   0   1   0   3   1   1   0   2   2   2  42
18  12   3   2   5   6   6  13   0   2   3   0   8   7   0   2   2   0   8   2   0   0   2   0   7   3   0   2   0   2   0   1   1   0   2
16  11   2   0   4   4   4  28   9   2   1   3   0  43  13   0   3   2   0  47   8   0   2   1   0   3   3   3   3   3   0   1   1   2  40
8   8   1   2   5   7   7  23  12   1   1   5   2  57  23   3   2   3   5  61   8   1   2   1   1   1   3   2   0   3   3   2   0   2  52
16  11   1   1   6   4   6  24   8   1   1   3   7  48  17   2   2   3   1  58  11   1   2   1   0   3   0   1   3   1   3   2   2   1  50
13  10   2   1   3   6   4  21   8   1   0   3   3  45  18   3   2   2   0  55  10   1   3   1   0   3   2   0   2   1   1   1   1   2  46
12   9   1   2   7   1   6  22   8   0   1   7   0  52  21   1   2   5   0  68  14   0   2   2   0   2   2   3   2   2   2   0   2   0  58
8   7   1   1   2   8   5  16   7   2   2   2   4  39  16   2   1   2   1  41   6   2   2   0   0   1   2   3   3   1   2   2   2   2  35
16  12   2   2   5   6   6  29  11   2   3   6   3  51  16   1   1   3   6  60  11   1   2   1   0   3   1   3   0   1   3   0   2   2  51
20  14   3   1   4   6   5  31   9   1   3   4   2  58  19   1   1   3   0  65   9   0   1   1   0   0   2   3   3   1   2   0   1   2  55
0  0  3  3  0  8  6  0  0  3  1  0  3  9  7  2  1  0  0  5  0  0  2  0  0  2  2  1  1  1  2  0  2  2  4
15  11   1   1   5   5   6  25   9   3   2   2   8  31   8   2   3   1   5  25   0   0   1   0   2   2   0   2   1   3   2   0   0   1  21
15  11   3   0   3   2   3  29  11   2   2   3   0  47  14   2   3   2   0  55  10   0   1   1   0   1   3   1   3   3   2   2   2   1  47
13  10   3   1   3   3   3  26  10   2   1   3   0  44  14   1   2   2   0  56  12   1   1   1   0   0   2   0   2   3   1   0   0   2  47
13  10   1   2   7   4   7  32  13   2   1   6   6  54  18   1   2   4   0  53   5   0   2   1   0   3   0   0   2   1   1   1   1   0  45
14  11   2   0   5   0   4  32  14   2   2   6   0  63  21   2   1   4   0  67   9   0   2   1   0   0   3   3   1   2   3   0   1   0  57
2   4   0   1   2   8   5  11   7   1   0   2   4  26  12   1   2   1   3  21   1   1   2   0   0   0   2   0   0   1   2   0   1   2  18
18  12   3   3   4   1   4  30  10   2   3   4   0  49  15   2   2   3   0  52   7   0   2   1   0   3   1   3   3   0   1   2   2   0  44
8   7   1   3   3   4   3  16   7   0   2   3   1  34  13   1   1   2   0  34   4   2   1   0   0   3   3   2   1   1   3   1   0   1  29
10   9   1   1   5   6   5  20   8   1   2   4   0  40  15   2   1   2   0  51  11   1   1   1   0   0   3   3   0   1   3   0   1   2  43
11   9   1   1   3   0   3  21   9   0   1   3   0  34  12   0   1   2   0  28   0   1   1   0   0   0   1   3   2   0   0   0   1   0  24
8   7   0   1   6   6   6  23  11   2   3   6   2  46  16   0   1   5   1  67  16   1   1   2   0   3   1   3   1   2   1   1   1   0  57
21  15   2   0   5   0   4  32   9   1   3   6   0  58  19   2   2   4   0  67  10   1   2   1   0   1   1   3   2   2   1   2   1   0  57
19  13   2   1   7   0   7  32  11   1   1   7   0  54  16   1   2   4   0  64  10   1   3   1   0   3   3   1   2   2   2   2   2   0  55
23  15   3   3   6   5   6  40  13   2   1   5   1  55  13   1   2   3   0  60   7   0   2   1   0   3   2   1   2   0   1   2   1   1  51
15  10   1   3   5   4   6  35  14   2   1   5   1  56  17   1   1   3   2  66  11   2   2   1   0   2   1   1   0   0   0   0   1   0  56
18  12   2   1   6   3   6  36  14   2   1   6   3  61  18   2   2   4   0  68  11   1   2   1   0   1   0   0   1   3   3   2   0   2  58
5   5   2   2   1   8   4  12   6   2   1   1   3  23   9   1   2   1   0  27   6   2   1   0   0   3   3   0   3   2   2   1   0   0  23
13  10   1   0   6   3   6  33  14   2   2   5   0  52  15   1   2   3   0  56   9   0   1   1   0   1   2   1   1   0   3   2   2   0  48
8   7   0   1   4   4   5  19   9   1   1   3   6  36  14   1   1   2   6  45  10   1   2   1   5   3   0   1   0   1   0   2   1   1  38
13  10   1   1   6   0   6  23   9   1   1   6   0  47  17   2   3   4   0  52   8   1   3   1   0   2   0   2   0   3   1   0   1   2  44
15  11   2   0   3   4   3  27   9   2   0   3   0  45  15   2   2   2   0  49   6   0   3   1   0   1   2   1   3   3   2   2   2   2  42
17  12   2   1   7   1   7  35  12   1   1   7   0  61  20   2   1   4   0  69   9   1   2   1   0   0   0   3   1   0   0   0   2   0  58
15  11   1   2   4   4   4  21   6   0   2   4   1  41  15   1   3   3   4  44   7   1   2   1   6   3   3   3   0   3   0   2   2   0  37
13  10   1   1   7   1   7  25   9   1   3   6   0  49  18   1   2   4   0  54   8   0   2   1   0   1   3   3   1   0   3   2   1   1  46
11   9   1   1   5   5   6  24  10   2   3   5   0  44  17   2   3   3   0  47   6   1   3   1   0   1   3   3   2   3   2   2   2   2  40
17  12   2   0   4   5   4  34  12   3   0   4   1  54  16   1   2   3   0  60   8   1   3   1   0   0   1   1   3   0   3   0   1   0  51
9   8   0   1   5   4   6  22  11   2   1   5   3  45  17   1   2   3   0  53   9   2   3   1   0   2   1   3   1   1   2   0   1   2  45
10   8   1   1   4   6   5  19   9   1   2   3   1  41  16   1   1   2   0  49   8   1   2   1   0   3   2   3   2   1   0   0   1   1  41
14  10   2   3   5   7   6  33  13   2   0   5   2  49  13   0   2   3   0  54   7   0   3   1   0   2   3   1   3   1   2   0   1   1  46
10   8   0   1   6   2   6  20   9   1   3   5   5  42  17   1   2   3   2  54  12   2   1   1   0   3   0   3   2   3   2   2   2   1  46
22  14   2   1   5   5   5  35  10   1   2   4   0  57  17   1   3   3   0  66  10   1   2   1   0   0   3   3   3   3   0   1   1   2  56
16  11   2   1   6   2   6  27   9   1   3   6   0  51  19   3   2   4   0  54   7   0   2   1   0   2   3   2   0   2   0   0   1   0  46
16  11   1   2   6   1   6  34  14   2   1   6   1  54  16   1   2   4   0  53   5   0   1   1   0   0   0   1   2   1   3   0   1   2  45
15  11   2   2   3   6   3  25   9   2   1   3   2  44  15   1   2   2   0  52   9   0   1   1   0   0   3   3   2   3   0   1   2   1  44
15  11   1   1   4   5   4  27  10   2   1   3   6  44  13   1   2   2   7  51   8   0   1   1   4   2   0   1   0   1   1   0   2   2  43
11   8   1   2   4   5   5  23   9   1   1   3   6  36  11   2   1   1   7  36   5   1   2   0   2   1   0   3   0   0   1   0   2   0  30
10   8   0   1   3   0   4  18   7   1   2   3   0  40  16   3   1   2   0  49  10   0   2   1   0   1   0   1   3   1   0   1   1   0  42
17  12   1   1   7   0   6  39  16   3   3   7   0  58  16   1   3   5   0  61   6   1   3   1   0   0   1   3   3   3   3   1   1   1  52
19  13   3   0   7   5   7  36  12   2   3   6   0  63  20   1   1   4   0  73  11   2   2   1   0   1   1   3   1   0   2   1   2   0  62
16  11   2   1   4   3   5  27   9   1   1   4   0  43  13   0   2   2   0  48   9   2   2   1   0   0   2   0   2   1   2   0   0   1  41
10   8   2   3   3   7   6  20   8   1   1   2   1  28   9   2   2   1   1  21   0   1   3   0   0   2   3   1   0   0   1   0   2   0  18
6   6   1   3   2   1   3  19  10   3   2   2   0  23   7   1   1   1   0  23   4   1   1   0   0   2   3   3   0   1   0   0   2   1  20
7   7   1   2   3   0   3  18   9   3   1   2   0  25   7   2   2   1   0  20   0   1   1   0   0   0   2   0   0   2   1   0   0   1  17
13   9   2   0   3   4   3  30  12   3   2   3   3  48  14   1   1   2   0  58  10   1   1   1   0   0   0   1   2   1   0   0   2   1  50
19  14   2   2   6   6   6  32  10   1   1   7   0  60  21   3   2   4   0  61   7   0   2   1   0   1   3   0   1   3   3   2   1   1  52
9   8   1   0   3   1   3  18   9   2   1   3   1  35  13   1   3   2   0  38   7   0   2   1   0   0   0   3   3   3   3   0   2   1  33
19  12   1   0   5   3   6  26   7   0   2   5   1  46  15   3   2   3   0  48   6   0   3   1   0   1   0   2   2   3   2   2   0   2  40
12   9   1   1   3   5   4  26  10   2   2   3   0  44  15   2   2   2   0  54  11   0   2   1   0   0   2   0   0   2   2   0   0   0  46
19  13   1   0   7   5   7  34  12   2   1   6   0  67  22   3   1   4   0  71   9   1   2   1   0   1   1   1   3   0   3   2   1   0  61
1  2  1  1  0  8  3  0  0  2  2  0  7  6  6  2  2  0  7  3  2  1  2  0  8  1  0  1  0  3  0  1  2  2  2
13   9   2   2   3   3   3  21   8   2   2   3   0  42  15   2   3   2   0  55  11   2   2   1   0   2   2   0   1   3   3   0   0   2  47
11   8   1   3   5   7   6  26  11   2   2   5   2  55  20   1   1   4   0  57   6   0   2   1   0   3   3   1   2   3   2   2   2   2  49
17  12   1   1   7   2   7  29   9   1   1   6   0  54  18   1   2   4   0  55   7   0   2   1   0   2   2   2   1   3   0   0   1   2  46
8   7   1   3   3   6   4  21  10   2   2   3   2  42  15   2   1   2   0  48   8   0   2   1   0   3   3   0   3   3   0   2   1   1  41
6   6   1   1   1   8   6  12   5   2   1   1   1  27  11   2   2   1   0  23   1   0   3   0   0   0   3   0   1   3   3   0   0   1  20
12   9   1   0   5   3   5  24  10   1   3   5   0  48  18   2   2   3   0  48   5   0   1   1   0   0   2   2   0   1   3   0   0   2  41
0  1  2  2  0  8  5  0  0  1  2  0  8  0  0  1  1  0  4  0  0  0  1  0  3  2  0  3  2  0  0  0  1  0  0
21  15   2   0   6   4   6  44  16   3   2   7   1  67  18   1   1   5   5  73  11   0   1   1   0   0   1   3   0   0   1   0   2   1  62
1   3   0   1   1   8   4  11   7   2   1   1   7  26  11   2   3   1   1  23   2   0   3   0   0   0   0   1   2   2   1   0   2   0  19
16  11   1   2   6   3   6  28  10   1   2   6   3  50  17   2   2   4   0  53   7   1   3   1   1   2   0   1   1   3   0   0   1   2  45
16  12   2   1   5   1   5  34  13   1   0   6   0  65  22   2   2   4   0  70   9   1   2   1   0   2   1   1   2   1   1   0   1   2  60
14  10   1   1   6   3   5  30  12   2   2   6   0  56  19   3   1   3   0  66  11   1   1   1   0   1   3   3   0   1   2   2   1   1  56
21  14   2   0   6   0   6  39  14   3   1   6   0  62  19   1   3   4   0  73  11   1   2   1   0   0   3   1   1   2   1   0   2   1  62
14  11   1   1   4   2   4  27  10   1   3   4   0  48  15   2   1   2   0  62  13   1   2   1   0   3   3   2   3   3   1   0   0   1  53
12  10   2   3   5   2   5  23   9   1   1   4   4  44  16   2   3   3   0  52   9   1   2   1   2   3   0   0   3   3   0   1   0   2  44
11   9   2   3   3   1   4  20   7   1   2   2   0  35  12   3   2   1   0  26   0   1   1   0   0   2   3   3   2   3   0   0   2   2  22
11   9   1   1   6   1   6  28  12   3   3   6   0  64  25   3   1   5   0  70   8   0   1   1   1   2   3   1   2   3   0   0   1   2  59
12  10   1   3   6   5   6  25  10   1   2   7   0  57  23   2   1   5   0  63   9   0   1   1   0   2   2   1   3   3   0   0   2   1  54
10   8   1   1   4   6   5  18   7   0   3   4   2  39  16   2   3   3   0  48  10   1   2   1   0   0   1   3   3   2   3   0   1   0  41
14  10   1   1   4   3   4  22   8   1   1   3   0  38  13   2   2   2   0  53  13   2   1   1   0   1   3   0   0   0   3   1   0   1  45
12   9   1   1   5   4   5  23  10   2   1   5   0  48  18   3   3   4   0  58  12   0   2   2   0   0   2   0   1   2   0   0   0   0  49
8   6   0   1   6   2   6  22  10   1   1   5   0  51  20   2   1   4   0  55   8   0   1   1   0   3   2   2   0   3   3   2   0   1  47
13  10   1   1   4   7   6  28  11   2   1   4   2  41  12   1   2   2   0  49  10   2   1   1   0   2   2   0   2   3   0   0   0   1  42
17  11   2   1   4   4   4  28   9   1   2   4   0  58  21   3   1   3   0  62   7   0   2   1   0   1   2   3   2   0   3   2   2   1  52
1  3  1  1  0  8  7  0  1  2  2  0  8  0  0  2  3  0  8  0  0  0  1  0  2  1  0  2  0  3  3  2  1  1  0
7   6   0   1   4   1   3  20  10   1   0   3   0  33  12   1   3   2   0  41   9   0   2   1   0   2   2   1   1   3   3   0   2   1  35
17  12   2   1   4   4   5  29  10   1   2   4   0  47  13   1   1   2   0  51   8   0   2   1   0   1   1   1   0   1   1   1   2   2  43
16  12   2   1   5   1   6  34  14   2   0   5   0  60  19   1   1   4   0  75  14   1   1   1   0   2   3   1   1   3   3   0   1   2  63
12   9   1   2   6   2   6  35  16   3   1   6   4  54  16   2   2   4   0  63  10   1   1   1   0   3   0   3   3   3   0   1   2   1  53
10   8   1   1   2   5   3  13   5   0   1   2   0  19   6   1   1   1   0  14   0   1   3   0   0   3   3   1   0   1   1   2   1   2  12
20  14   2   1   6   5   6  40  14   3   1   5   4  66  20   2   2   4   3  73   9   0   3   1   0   1   0   2   1   1   2   2   1   1  62
13  10   1   1   6   1   6  26  10   1   1   5   0  46  14   1   2   3   0  51   8   0   1   1   0   1   2   3   2   2   2   2   1   0  43
10   8   2   2   2   7   3  10   2   1   1   0   8  13   4   2   2   0   8   9   0   0   1   0   4   3   0   0   0   2   1   2   1   0   8
11   8   1   1   2   7   4  23  10   2   0   2   4  39  14   1   2   2   3  47   8   1   2   1   4   3   1   0   0   2   0   2   0   0  40
16  11   1   0   5   5   5  32  11   2   2   5   1  54  17   1   2   3   0  67  13   1   1   1   0   1   3   1   3   1   1   2   2   1  57
12  10   1   2   5   6   5  26  11   2   0   3   7  47  16   2   2   2   0  53   9   2   2   1   0   0   0   1   3   0   3   0   1   1  45
15  11   2   1   4   7   6  25   9   1   1   3   6  39  12   1   2   1   8  32   0   1   2   0   2   3   1   2   0   3   3   2   1   2  27
14  11   1   0   6   3   5  30  12   2   0   5   1  60  21   2   1   4   0  67  11   1   2   1   0   1   1   1   2   3   2   2   2   1  57
16  12   2   2   7   4   6  36  14   2   1   6   0  64  21   1   1   4   0  79  14   2   2   1   0   0   3   1   2   1   0   0   1   1  67
5   6   0   1   4   5   5  18  10   2   0   2   7  30  10   2   2   1   3  22   0   1   1   0   0   3   0   1   1   2   3   2   1   0  19
17  12   1   1   7   4   6  26   8   1   3   7   0  51  18   2   2   4   0  53   7   1   3   1   0   2   3   2   1   3   1   0   0   2  45
11   8   0   3   7   2   6  22   9   1   1   6   0  44  17   2   2   4   0  51   8   2   3   1   0   2   1   1   2   3   2   0   2   2  43
13  10   2   1   3   7   5  22   8   2   2   2   1  37  12   1   2   2   4  45   9   1   2   1   0   1   2   3   0   1   3   2   2   1  38
12   9   1   1   7   1   7  26  11   2   1   7   4  52  19   1   1   6   1  63  12   1   2   2   0   3   0   3   1   1   3   2   0   2  54
15  10   1   1   4   3   3  26  10   2   2   4   0  47  15   1   1   3   0  52   7   1   2   1   0   1   2   2   0   1   3   2   0   2  44
19  13   2   1   6   3   6  38  14   2   1   5   1  62  19   2   1   4   0  69   9   0   2   1   0   3   1   2   2   3   1   2   0   1  59
15  12   2   1   4   7   7  34  13   2   2   4   2  54  16   1   2   2   0  54   6   0   2   1   0   1   2   0   1   0   0   2   1   1  46
19  13   2   1   5   6   6  28   8   2   2   3   7  45  14   2   1   2   1  56  10   0   1   1   0   2   0   2   2   2   1   0   0   0  48
13   9   1   1   3   4   4  30  12   2   2   3   0  45  13   2   1   2   0  56  12   2   2   1   0   0   3   3   0   1   0   1   2   2  48
15  11   1   1   6   3   6  32  12   1   1   6   3  56  18   2   2   4   0  65  10   1   2   1   0   1   0   1   1   1   3   2   2   1  55
6   5   1   3   1   8   6  13   6   2   1   1   2  25  10   2   2   1   0  23   2   0   3   0   2   3   3   1   3   3   0   0   1   2  19
17  12   2   1   5   0   5  29  10   1   0   5   0  52  17   1   2   3   0  56   8   1   2   1   0   1   0   0   3   3   1   1   0   1  47
21  14   3   3   6   2   6  31   9   1   2   5   0  58  19   1   1   4   0  67  11   0   1   1   0   2   1   0   2   1   3   1   0   1  57
22  14   3   1   6   2   5  34   9   1   1   5   0  60  20   2   1   3   0  68  10   1   2   1   0   1   1   1   3   1   3   0   2   0  58
8   8   1   1   3   7   5  16   8   1   1   3   1  37  14   2   1   2   3  48  11   0   2   1   4   1   2   3   0   3   0   1   2   1  41
18  12   2   2   7   2   7  37  14   2   3   7   0  61  18   1   3   5   0  72  12   0   3   2   0   2   3   3   3   3   3   0   2   2  61
11   9   1   1   3   7   7  21   9   1   1   3   2  39  14   2   2   2   4  45   8   1   3   1   7   2   2   3   0   3   0   0   2   2  38
14  10   2   1   3   6   4  26   9   2   0   2   0  42  14   2   1   2   0  52  11   2   1   1   0   1   3   1   3   3   0   2   1   2  45
16  11   2   3   5   4   6  28  10   2   1   3   7  48  15   1   1   2   4  55   9   0   1   1   0   3   0   2   1   3   2   2   0   1  47
5   5   0   2   4   3   5  11   7   1   3   3   0  35  18   2   1   2   0  42   9   0   2   1   0   2   2   0   1   3   3   0   1   1  36
12   9   1   1   3   7   6  21   7   0   1   3   3  49  19   2   1   2   1  41   0   1   1   0   0   0   2   0   0   1   1   0   1   1  35
20  13   3   3   5   1   6  35  12   2   2   4   2  54  14   1   2   3   3  60   9   2   2   1   0   2   0   0   0   2   2   0   0   0  51
13   9   1   1   4   2   4  24   9   1   3   4   0  48  18   1   2   3   0  53   8   1   2   1   0   2   3   3   2   2   3   0   1   0  45
19  12   2   3   6   1   6  32  11   1   2   7   3  56  19   1   3   4   0  67  11   2   2   1   0   3   0   3   2   3   2   2   2   2  57
15  11   1   1   6   4   7  25   9   1   2   6   0  48  18   1   3   4   0  57  10   0   1   1   0   0   2   1   1   3   2   0   1   1  48
17  12   2   1   3   7   6  22   6   1   3   3   4  45  17   0   1   3   2  53   9   0   3   1   0   1   0   2   1   1   2   1   0   1  45
24  16   3   3   7   5   7  36  10   1   1   6   0  56  17   2   2   4   1  59   7   0   3   1   0   3   2   3   0   1   3   2   2   1  50
14  10   1   1   5   0   5  28  11   2   1   4   0  51  17   2   2   2   0  52   6   0   2   1   0   2   3   1   2   2   2   1   2   1  44
14  11   2   3   7   5   6  26   9   1   1   7   1  51  18   1   3   4   0  60  10   1   2   1   0   3   1   3   3   2   3   2   2   0  51
8   7   1   2   3   0   3  20   9   2   2   3   0  44  17   1   1   2   1  52  10   1   1   1   0   3   0   2   0   0   1   2   0   0  44
15  10   2   1   4   1   3  30  11   2   0   4   4  48  15   2   2   3   0  61  12   1   2   1   0   2   0   1   2   0   0   1   1   1  52
20  14   2   2   6   0   7  39  14   2   1   5   0  64  19   1   1   4   0  69   8   1   2   1   0   1   0   1   2   3   0   2   1   2  59
6   6   0   1   3   7   5  18   9   1   1   3   1  38  15   1   2   2   0  30   0   0   2   0   0   2   3   2   2   0   0   0   0   0  25
17  12   1   0   6   5   6  27   9   1   3   6   1  50  18   1   1   4   0  52   7   0   2   1   0   0   3   3   2   3   1   0   1   1  44
16  11   2   1   7   6   7  33  12   1   1   6   2  61  21   2   1   4   0  70  11   1   2   1   0   2   1   3   2   3   3   0   0   1  60
21  14   2   1   5   6   7  35  12   2   2   5   0  69  23   3   1   3   0  74   8   0   3   1   0   1   2   2   3   0   2   2   0   0  63
10   8   1   1   3   4   3  21   9   2   1   2   0  33  10   1   2   1   0  28   1   2   1   0   0   0   3   0   3   3   1   1   1   2  24
19  13   3   1   3   5   3  34  13   3   1   3   0  55  16   2   2   2   0  51   3   0   2   0   0   1   2   2   2   0   3   1   1   0  43
16  12   2   1   6   2   5  28  10   1   1   6   0  64  25   2   1   5   0  76  12   0   2   2   0   3   2   3   2   3   0   0   1   2  65
13  11   2   2   4   7   7  26  11   3   2   4   1  43  13   0   1   3   0  47   6   0   2   1   0   2   3   2   2   2   0   0   0   0  40
21  14   2   0   6   3   5  35  11   2   0   6   0  60  19   2   1   4   0  68  10   1   2   1   0   0   2   0   0   0   1   0   0   0  58
13  10   1   1   3   6   4  24   9   3   2   2   5  32   8   2   2   1   5  25   0   2   2   0   0   0   0   1   0   3   2   0   2   2  22
17  11   1   1   5   3   5  32  12   2   2   5   4  61  20   3   3   3   6  63   8   1   2   1   3   2   0   3   0   3   2   0   2   1  53
9   8   0   1   5   2   5  22   9   1   1   5   0  45  18   2   3   4   0  52   9   0   2   1   0   0   3   0   3   3   0   0   0   2  45
16  11   1   1   7   1   7  35  13   2   1   6   0  59  18   1   3   4   0  64  10   1   2   1   0   1   3   3   2   1   1   2   2   1  55
10   8   1   3   5   5   5  26  12   2   0   5   1  56  21   3   2   3   1  61   9   1   1   1   3   3   2   1   0   3   0   1   1   1  52
9   8   1   1   6   0   6  23  11   2   3   6   0  51  20   2   2   4   0  61  10   1   2   1   0   2   3   3   2   1   1   1   2   2  52
11   9   2   1   3   2   3  21   9   2   1   3   0  36  12   1   3   2   0  45   9   1   2   1   0   1   2   1   0   2   3   1   1   0  38
5  5  2  2  1  8  4  6  3  2  3  0  8  7  4  2  2  0  8  6  2  0  2  0  8  3  0  2  0  2  0  2  1  1  5
17  13   3   1   5   1   6  27   9   2   2   5   0  50  18   1   3   4   0  58  10   1   3   1   0   1   3   2   2   3   0   2   0   2  49
9   7   0   1   4   7   6  22  10   1   1   4   1  55  22   3   1   3   1  62  11   1   3   1   4   1   2   1   0   2   0   2   2   0  53
9   8   1   1   3   7   6  23  11   2   1   3   2  51  19   2   2   3   0  53   6   1   1   1   0   0   1   0   1   3   0   0   1   1  45
13   9   1   3   4   6   4  27  11   2   1   3   2  45  14   2   2   2   0  51   8   0   3   1   0   3   2   2   1   3   3   0   1   2  43
13  10   1   1   7   4   7  22   8   0   3   7   0  44  16   1   2   5   0  53  10   0   3   2   0   2   2   3   1   3   1   0   2   2  45
12  10   1   2   7   1   6  31  13   3   2   6   0  52  16   1   3   4   0  58   8   0   2   1   0   1   2   2   3   3   0   2   0   2  50
10   8   2   2   2   7   4  19   8   2   1   2   5  32  11   1   3   1   1  27   1   1   2   0   0   0   1   0   2   2   3   0   1   0  23
21  15   2   0   6   0   6  40  15   3   1   6   0  71  23   3   1   4   0  81  13   0   2   2   0   0   0   3   0   3   3   0   1   0  69
12   9   1   2   5   2   5  30  13   2   1   5   0  57  20   2   2   3   0  62   7   1   3   1   0   0   1   3   3   3   3   0   1   2  52
15  11   1   2   4   6   5  31  12   3   1   3   6  44  12   1   2   2   3  37   1   0   2   0   0   0   0   2   1   3   1   0   1   1  31
9   7   0   1   3   2   3  20   9   1   1   3   3  38  14   2   1   2   0  32   0   0   2   0   0   0   0   1   2   1   0   0   1   1  27
21  15   3   1   7   3   7  39  14   2   0   7   0  63  19   1   2   4   0  66   7   2   3   1   0   1   2   0   3   0   1   0   0   1  56
14  10   1   1   7   3   7  26  10   1   1   5   6  51  18   2   2   3   2  58   9   0   1   1   2   3   0   3   2   3   0   2   1   2  49
21  14   2   1   6   1   6  42  15   2   0   5   0  62  16   1   1   3   0  71  10   1   3   1   0   2   3   1   1   3   2   0   1   1  60
4   4   0   1   1   8   3  10   6   2   1   1   2  18   8   1   2   1   0  13   0   2   2   0   0   1   3   1   2   1   2   2   2   1  11
14  10   2   1   2   3   3  21   7   1   1   2   0  38  13   1   2   2   0  40   6   2   2   0   0   2   3   0   3   3   2   0   0   2  34
16  11   2   1   6   3   6  32  12   2   2   5   0  57  19   2   3   3   0  60   8   0   1   1   0   0   1   1   2   3   3   0   2   1  51
14  10   0   1   6   1   6  36  15   3   2   6   0  61  18   1   1   5   0  60   6   0   2   1   0   3   1   3   2   0   2   2   1   0  51
13   9   1   2   6   3   6  25  11   2   1   6   1  51  18   2   1   4   2  60  10   1   3   1   0   3   3   3   0   1   3   2   1   1  51
6   5   0   3   3   0   3  13   7   1   2   3   0  28  12   0   2   2   0  41  11   1   3   1   0   3   1   3   3   2   2   2   2   0  35
11   8   1   1   3   7   4  20   8   1   3   3   5  41  16   0   1   2   0  53  10   0   2   1   0   3   2   2   2   1   2   1   0   2  45
11   9   1   1   4   6   5  24  10   1   1   4   1  48  18   2   3   3   0  50   7   0   2   1   0   0   3   0   3   3   3   0   0   2  43
13  10   3   1   2   8   4  19   6   1   2   2   3  32  11   0   1   1   2  24   0   1   3   0   3   3   3   0   0   2   0   2   1   1  20
13  10   1   1   6   2   6  26   9   1   2   5   0  50  19   2   1   3   0  59  10   0   3   1   0   3   1   3   0   2   3   2   1   1  50
9   7   2   3   1   8   6  12   5   1   1   1   2  25  10   1   2   1   0  18   0   2   2   0   0   2   3   0   3   1   0   0   0   2  16
17  12   1   1   5   6   6  30  11   2   0   4   1  46  13   1   2   3   0  54   9   1   1   1   0   0   3   0   2   1   1   0   1   1  46
14  10   3   3   3   6   4  24   8   2   3   2   2  35   9   2   3   1   0  30   2   1   2   0   0   2   1   3   2   3   1   0   2   1  26
14  11   2   1   6   3   5  28  11   1   2   5   3  50  17   1   2   3   0  60  10   0   2   1   0   1   0   1   1   1   1   2   2   2  51
3   4   1   1   1   8   4   8   6   1   2   1   0  16   7   2   2   1   0  10   0   0   3   0   0   0   2   2   2   3   0   0   1   2   8
14  11   2   1   5   1   6  28  11   2   1   5   3  49  17   2   2   3   0  62  12   1   1   1   0   3   0   2   3   3   3   2   0   1  53
12   9   1   1   3   7   6  18   6   2   0   1   8  30  10   3   1   1   5  23   0   1   2   0   0   0   0   0   1   1   3   1   0   1  19
14  10   2   1   4   2   4  28  11   2   0   3   0  43  12   1   2   2   0  49   8   1   2   1   0   0   1   1   2   1   0   0   1   1  42
11   9   1   1   5   3   6  23   9   2   2   4   3  38  12   0   2   2   0  46   8   1   2   1   0   1   0   2   2   3   0   1   1   1  39
4   5   1   1   1   8   6  10   5   1   2   1   4  24  11   1   1   1   0  18   0   1   3   0   0   1   2   0   1   3   3   2   0   2  16
17  12   2   1   5   6   7  31  12   2   1   5   3  52  17   1   2   3   6  57   9   1   1   1   4   1   2   3   0   3   1   2   2   1  48
9  7  1  3  2  7  3  5  0  1  1  0  8  7  4  0  2  0  4  4  2  0  2  0  0  2  0  0  2  1  2  1  1  2  3
12  10   2   1   6   3   6  32  14   2   0   6   0  61  20   1   2   4   0  60   6   0   3   1   0   2   3   0   1   3   2   0   0   2  51
12   9   2   3   5   0   4  27  10   1   3   5   0  53  18   2   2   3   0  58   7   0   1   1   0   2   3   3   2   1   0   0   1   1  49
9   7   0   1   4   0   4  21   9   1   3   4   0  42  16   1   1   2   0  43   5   0   1   1   0   1   3   3   0   0   1   2   2   0  37
13  10   2   3   5   0   5  30  12   2   2   5   0  43  13   0   2   4   0  61  16   1   2   2   0   2   1   2   1   3   0   0   0   1  52
9   8   0   1   4   6   5  18   8   1   1   4   3  37  14   1   2   3   0  48  10   1   2   1   0   3   1   0   1   0   2   0   0   0  41
15  11   2   1   5   1   5  31  12   2   2   5   0  53  16   1   2   3   0  54   6   1   1   1   0   2   2   3   1   3   3   0   2   2  46
17  12   2   0   3   7   4  26   9   2   2   3   4  46  15   1   2   2   2  49   6   1   2   1   0   1   1   3   1   1   1   1   2   2  42
13  10   2   1   7   0   7  21   8   1   3   7   0  49  21   2   3   4   0  59  10   2   2   1   0   1   3   3   3   1   2   2   2   2  50
16  11   1   1   5   5   5  32  12   2   1   5   3  49  15   1   2   3   1  53   7   0   1   1   0   2   1   1   1   3   3   0   1   2  45
13  10   1   2   5   3   4  25  10   2   2   5   4  50  17   2   2   3   5  56   8   2   1   1   0   1   0   1   0   1   3   0   2   1  48
11   9   1   0   3   2   3  19   7   0   1   3   0  40  15   2   3   2   0  42   5   0   3   1   0   0   2   1   0   2   0   1   1   1  36
14  11   1   1   5   3   5  26  10   1   3   5   0  44  15   2   1   3   0  57  13   1   2   1   0   0   2   3   0   1   1   0   2   2  49
13  10   1   1   5   0   6  29  12   2   1   5   0  52  18   0   1   4   0  66  14   2   1   2   0   0   2   0   0   1   1   0   1   2  56
7   7   0   3   4   0   4  16   9   1   1   3   0  27  10   1   2   2   0  39  10   0   2   1   0   2   2   1   1   0   3   1   2   0  34
13   9   1   2   4   0   4  24  10   2   1   3   0  41  13   2   2   2   0  50   9   1   1   1   0   3   0   0   2   1   0   2   0   1  42
14  10   1   2   3   2   4  25   9   2   3   3   3  51  18   2   1   2   0  62  11   0   1   1   0   1   0   3   3   3   1   2   2   2  53
10   8   1   3   6   1   6  30  15   2   1   6   0  57  19   2   1   4   0  60   8   0   3   1   0   2   1   3   2   0   1   0   2   0  51
15  11   2   1   3   1   3  24   8   2   2   2   0  43  15   2   2   2   0  54  12   0   1   1   0   2   3   0   1   3   2   1   0   2  46
15  11   3   1   3   4   3  28  11   3   1   3   0  47  15   1   2   2   0  39   0   1   3   0   0   0   2   0   0   0   0   0   1   0  34
20  14   3   1   4   0   3  30   8   1   1   3   0  51  16   2   2   2   0  53   7   1   3   1   0   0   2   3   1   3   3   1   2   2  45
14  11   1   2   7   1   6  28  10   1   1   7   0  48  16   0   3   4   0  60  12   1   1   1   0   3   1   0   2   2   3   2   1   0  51
4  5  1  1  1  8  6  1  0  2  1  0  7  0  0  2  1  0  5  0  1  0  2  0  0  1  0  3  1  0  2  2  2  0  0
17  12   2   3   6   0   6  33  12   2   1   6   0  53  15   2   3   4   0  63  11   2   3   1   0   2   2   3   2   3   1   0   1   2  54
13  10   2   1   3   8   6  22   8   2   3   3   3  42  14   3   2   2   5  49   8   1   2   1   5   1   2   2   0   3   0   2   0   2  42
15  11   1   1   6   3   6  34  14   2   1   5   0  61  19   2   2   4   0  63   6   1   1   1   0   3   1   3   2   3   2   1   1   2  54
15  10   2   2   5   4   6  24   8   1   3   4   4  50  18   1   2   3   0  56   9   1   1   1   0   0   0   2   3   1   3   0   0   2  47
12   9   1   1   5   3   5  27  12   2   0   4   0  54  19   2   2   3   0  60   8   0   2   1   0   1   1   1   0   3   1   2   1   1  51
11   8   2   3   2   1   3  24  10   2   1   2   3  42  14   3   1   1   0  41   4   0   1   0   0   2   0   1   3   1   2   0   2   1  35
13   9   2   1   3   7   4  27  11   2   0   3   3  45  13   1   2   2   3  44   5   0   2   1   6   0   1   0   0   3   0   0   1   2  37
8   7   0   1   3   1   4  21  10   2   2   3   0  33  11   1   1   2   0  44  10   1   1   1   0   1   3   3   1   3   1   2   2   2  37
14  11   1   1   5   3   4  27  10   2   3   5   0  54  19   1   1   3   0  66  12   2   1   1   0   3   2   3   2   1   1   2   2   1  56
10   8   1   1   6   5   6  33  16   3   1   6   1  53  15   2   3   4   0  57   8   0   2   1   0   1   2   1   1   2   0   2   2   0  48
10   8   0   1   3   3   3  26  11   2   2   3   5  40  13   2   2   2   3  45   8   1   1   1   0   2   0   3   2   1   3   0   2   2  38
2   4   2   1   1   8   6  11   7   2   3   1   6   7   2   1   2   0   1   2   0   0   2   0   0   1   2   3   2   1   2   1   1   2   2
22  14   2   1   5   6   6  30   8   0   1   5   3  50  16   1   2   3   0  53   6   0   2   1   0   1   1   0   1   1   1   1   0   2  45
11   9   1   1   5   3   4  23  10   2   3   5   0  49  20   2   2   3   0  58  10   1   3   1   0   0   1   3   3   3   1   1   1   2  49
12   9   0   1   5   5   6  26  10   2   0   4   0  47  15   1   1   3   0  51   7   1   2   1   0   1   2   1   3   3   3   1   2   2  43
9   8   0   1   6   0   6  24  11   2   2   5   0  43  15   1   3   3   0  54  11   0   1   1   0   3   3   1   3   3   3   2   2   1  46
14  10   1   2   5   3   5  28  12   2   1   4   2  49  17   2   1   2   0  59  11   1   2   1   0   2   2   2   2   3   0   0   1   1  50
8   6   0   1   6   0   5  26  12   1   1   6   0  48  17   1   2   4   0  52   6   1   1   1   0   0   3   1   2   3   0   0   1   2  44
24  16   3   0   5   3   6  36  10   1   1   5   1  55  15   1   2   3   0  63  11   1   1   1   0   0   1   2   3   3   3   0   1   2  53
15  11   1   0   6   4   6  31  12   2   2   6   3  55  19   2   2   4   1  64  11   1   2   1   2   1   0   3   1   3   0   1   1   2  54
16  11   2   3   6   2   6  23   7   0   0   6   0  49  19   2   1   4   0  57  10   1   3   1   0   2   2   1   0   2   0   0   1   1  49
12   9   1   1   3   6   4  24   9   1   1   3   0  36  11   1   3   2   0  42   9   2   2   1   2   1   1   1   1   3   0   2   2   2  36
16  12   2   1   3   7   4  14   2   3   1   0   8  16   4   3   3   0   6  14   2   1   2   0   2   2   0   3   1   2   1   0   1   0  12
14  11   1   1   6   1   6  26   9   1   2   5   0  43  15   2   2   3   0  45   6   0   1   1   0   0   0   3   2   3   2   0   2   1  38
14  10   2   1   3   7   6  23   9   1   0   3   3  37  11   1   1   2   2  44   8   1   2   1   0   3   2   1   0   1   3   2   2   1  37
15  11   1   1   4   3   4  28  10   1   1   4   0  50  17   2   1   3   0  57   9   1   2   1   0   3   3   0   1   1   3   1   1   1  48
16  12   2   1   3   4   4  33  12   3   0   3   3  50  14   1   1   2   0  46   3   0   2   0   0   0   0   0   1   0   0   1   0   0  39
9   7   0   1   3   7   5  25  11   2   2   3   3  37  12   1   2   2   0  46  10   1   2   1   0   2   2   2   2   1   0   1   1   1  39
10   9   1   0   3   1   3  27  13   3   1   3   0  49  16   1   2   2   0  52   6   0   1   1   0   0   1   1   2   3   0   0   1   2  44
6   6   1   0   1   8   6   9   4   3   1   1   5  12   5   1   2   0   7   9   1   1   3   0   2   0   1   3   0   3   3   1   2   2   7
15  11   2   3   4   0   5  26   9   2   3   4   0  47  15   1   3   3   0  53   8   0   1   1   0   2   1   3   1   2   2   1   2   0  45
10   9   1   3   3   5   4  25  11   2   2   3   3  44  15   2   2   2   0  54  11   1   1   1   0   2   3   2   3   1   2   1   0   1  46
12   9   1   1   5   3   6  18   6   0   3   5   0  43  18   2   2   3   0  49   8   0   2   1   0   1   2   3   1   3   3   2   2   1  41
16  12   2   1   3   7   6  28  10   2   2   3   3  44  13   2   2   2   0  45   5   1   2   1   0   1   1   1   2   1   2   2   1   1  38
14  10   2   1   4   1   4  28  11   1   0   3   0  45  14   2   2   2   0  56  11   1   2   1   0   2   1   1   0   0   2   0   2   1  47
12   8   0   0   5   2   5  27  12   2   2   5   0  49  17   2   3   4   0  61  11   0   2   1   0   2   3   0   0   3   2   0   0   1  52
24  16   3   1   6   1   7  43  15   2   1   6   2  59  14   1   2   4   0  59   6   0   2   1   0   1   0   0   3   1   3   2   0   1  50
20  13   2   1   7   1   7  42  15   2   1   7   0  63  17   1   2   5   0  67   9   0   2   2   1   3   1   1   0   3   0   1   1   2  57
11   9   1   2   4   4   4  24  10   2   1   4   2  47  17   1   2   3   0  51   6   0   3   1   0   2   2   3   3   1   0   0   2   2  43
0  2  0  2  0  8  5  3  4  2  0  0  5  4  3  1  2  0  0  2  1  2  1  0  0  2  2  0  2  2  3  1  1  1  1
16  12   1   0   6   3   6  34  14   2   0   7   0  63  21   2   1   5   0  71  10   1   2   1   0   1   1   1   2   1   3   1   2   2  61
13  10   2   1   3   7   6  25   9   1   1   3   0  36  10   0   2   2   0  44   9   0   2   1   0   0   2   3   0   2   3   0   2   0  38
10   8   1   2   4   1   4  24  10   2   3   4   0  44  15   1   2   2   0  52  10   0   2   1   0   2   3   1   0   3   3   0   0   2  44
11   8   1   1   5   5   6  33  15   3   1   6   1  59  20   2   2   5   0  74  15   2   1   2   0   2   1   1   2   3   2   1   1   1  63
15  11   2   1   4   6   5  31  11   2   0   5   0  52  16   0   2   4   0  60   9   2   2   1   0   0   3   1   1   2   3   0   2   0  51
12   9   2   1   3   0   3  23   9   1   1   4   0  44  16   1   1   3   0  52   9   0   2   1   0   1   0   1   2   0   1   2   2   0  44
16  11   1   1   7   2   6  32  12   1   1   6   0  59  20   2   2   4   0  65   9   0   1   1   0   3   1   3   1   0   3   0   1   0  55
17  11   2   1   5   6   7  34  12   3   1   5   0  57  17   2   3   4   0  61   7   1   2   1   0   1   1   1   2   2   1   2   0   0  52
25  16   3   0   6   6   6  39  11   2   1   5   2  61  18   1   2   4   1  71  12   1   2   1   1   0   1   2   1   1   0   0   1   1  60
17  12   3   1   5   5   5  33  11   2   1   5   0  58  18   1   3   4   0  60   6   1   3   1   0   3   3   2   0   2   0   2   0   0  51
11   9   1   1   4   6   5  18   7   0   0   4   0  41  17   1   2   2   0  53  12   1   1   1   0   0   3   1   2   1   2   0   2   2  45
8   7   0   1   6   2   7  24  12   3   2   6   0  39  12   0   2   4   0  47   9   1   2   1   0   2   1   1   2   0   3   0   1   0  40
17  11   2   0   3   0   4  31  11   2   2   3   0  47  13   1   2   2   0  61  13   1   1   1   0   0   2   0   0   3   3   0   1   2  52
17  12   2   0   4   2   4  32  12   3   2   4   2  54  17   1   2   3   0  65  12   1   1   1   0   0   0   2   1   0   1   0   0   1  55
16  11   2   1   3   7   5  22   6   0   1   3   2  44  16   2   2   2   2  42   4   1   2   0   0   1   2   3   0   2   3   0   1   0  36
13  10   1   1   4   7   7  29  12   2   2   4   3  49  16   1   2   3   0  56  10   0   3   1   0   2   1   1   3   2   3   0   2   1  48
16  11   1   2   4   2   4  26   9   1   2   3   0  38  11   1   3   2   0  46   8   0   3   1   0   2   3   2   3   2   3   0   1   0  39
10  8  2  0  1  8  4  6  0  1  1  0  7  2  0  2  2  0  4  0  0  1  1  0  0  0  0  1  2  3  2  0  2  2  0
18  13   2   1   7   2   6  32  11   2   2   7   0  60  20   1   2   6   0  73  13   1   1   2   0   3   2   2   1   2   0   2   1   0  62
16  11   2   2   4   2   5  34  13   2   1   4   0  61  19   2   1   3   0  66   8   0   2   1   0   0   1   2   0   0   0   0   0   1  56
24  16   3   1   6   1   6  35  10   1   1   6   0  61  19   0   1   5   0  71  12   1   2   1   0   1   3   3   1   0   0   1   2   1  60
5   6   1   2   2   8   7  11   7   1   3   2   3  26  11   2   3   2   0  36   9   1   3   1   0   2   3   3   2   3   1   0   1   2  31
13   9   1   3   6   0   6  32  15   3   3   6   0  47  13   0   3   4   0  55   9   0   1   1   0   2   3   3   2   2   3   1   0   1  47
3   4   2   2   1   8   5   5   4   2   1   1   5  21  12   3   1   1   5  15   0   2   2   0   2   0   1   0   0   3   1   0   0   2  12
13  10   1   0   6   2   6  25   9   1   3   5   0  53  20   2   3   4   0  56   7   0   1   1   0   0   3   2   1   3   3   0   0   1  48
13  11   2   1   5   5   6  30  12   2   0   5   2  51  17   1   2   3   0  59  10   1   2   1   0   1   2   0   3   2   3   2   0   0  50
12  10   1   1   4   0   4  25  10   1   0   4   0  42  14   0   2   3   0  48   7   1   2   1   0   1   3   1   0   2   1   2   1   0  41
9   8   1   2   2   8   5  14   5   1   1   1   8  19   6   3   1   0   8  15   2   1   2   0   4   0   0   3   0   1   2   1   2   1  13
10   8   1   1   2   7   3  23  10   2   2   2   4  32   8   1   3   1   4  25   0   0   2   0   5   2   1   1   0   3   0   0   2   2  21
10   8   1   1   2   8   5  16   7   2   3   2   3  27  10   1   3   1   0  22   0   1   3   0   0   0   2   2   1   2   1   0   1   0  18
23  15   3   1   5   7   6  40  13   2   1   4   1  56  14   1   3   2   2  68  11   0   1   1   4   1   3   2   0   3   0   2   1   2  57
9   7   1   1   2   7   3  20   9   1   0   2   5  28   8   2   3   1   5  31   5   0   1   0   1   0   0   1   0   3   2   0   2   2  26
12   9   1   2   6   2   7  29  12   1   0   7   4  48  15   1   1   2   8  54   8   0   3   1   6   2   0   3   0   2   3   0   2   0  46
8   7   0   2   5   6   6  24  12   2   0   5   2  46  16   1   2   4   2  48   7   0   1   1   0   3   1   1   0   0   3   2   1   0  41
10   8   1   1   6   5   6  31  15   2   0   6   1  57  20   1   1   4   0  60   7   0   2   1   0   0   2   0   0   3   2   0   0   1  51
13  10   1   1   5   5   5  28  11   2   1   4   1  47  16   1   1   2   0  52   8   1   1   1   0   0   1   1   1   3   0   0   1   2  44
6   5   2   1   1   8   6  12   6   1   2   1   5  31  14   2   2   1   2  33   5   1   2   0   0   2   1   0   1   3   2   0   1   2  28
9   8   1   3   3   6   4  18   8   1   1   3   4  30  10   1   2   2   0  36   7   1   2   1   0   2   1   2   2   3   3   0   0   1  30
17  12   2   3   6   5   6  28   9   1   2   5   6  22   0   0   2   0   8  24   5   1   1   0   8   2   0   2   0   3   0   0   0   2  20
17  12   1   1   6   4   6  30  11   1   1   6   0  56  19   1   2   4   0  60   8   0   3   1   0   1   1   0   0   3   1   2   0   2  51
12   9   1   2   5   6   6  22  10   1   2   5   1  36  12   1   2   3   1  45   9   0   1   1   1   3   3   0   0   2   0   2   0   1  38
20  14   2   1   5   7   7  29  10   2   2   5   1  59  22   2   1   4   0  61   6   1   2   1   0   0   1   1   1   0   2   0   2   0  52
13   9   1   1   2   6   3  21   7   2   3   1   8  23   4   3   2   0   5  20   3   1   2   0   1   3   0   3   3   3   2   2   2   2  17
14  10   1   1   5   4   6  29  12   2   3   5   1  53  19   2   1   3   2  68  13   1   1   1   3   2   3   3   0   2   0   0   2   1  58
14  10   1   1   3   0   3  25   9   1   3   4   0  51  18   2   1   3   0  53   7   0   2   1   0   3   1   3   1   0   3   2   1   1  45
20  13   2   1   5   6   6  36  12   2   3   5   1  59  18   1   3   3   0  62   7   1   2   1   0   0   2   3   2   2   3   0   1   0  53
22  14   2   1   5   5   6  40  13   2   1   5   0  61  17   2   2   3   0  70  12   2   2   1   0   1   3   1   3   3   2   1   1   2  60
15  11   1   1   6   2   6  30  11   2   2   6   0  54  18   1   2   5   0  67  12   1   2   2   0   0   3   3   2   2   0   1   2   0  57
11   9   1   0   3   7   5  20   8   1   0   3   5  35  13   1   2   2   5  41   7   2   3   1   6   1   2   1   0   2   0   2   2   0  35
11  10   2   1   3   7   5  17   6   2   3   2   5  36  15   2   2   2   2  40   6   0   2   1   0   1   0   3   1   1   1   1   2   1  34
19  13   2   0   5   1   5  32  10   1   3   5   0  57  18   0   1   4   0  61   8   1   2   1   0   3   3   2   0   1   2   1   0   2  52
19  13   3   1   3   7   5  31  10   2   3   3   4  47  14   1   2   2   0  53   9   1   2   1   0   0   1   3   3   1   0   0   1   2  45
6   6   1   3   2   8   5  13   7   0   0   2   4  31  14   2   2   1   0  26   0   0   2   0   0   2   2   1   3   2   3   0   1   0  22
18  12   1   1   6   3   6  31  11   2   1   5   5  53  17   2   3   3   0  57   7   2   1   1   0   3   0   0   2   2   0   1   0   1  48
12   8   1   1   5   4   5  28  11   2   1   5   0  48  15   2   3   3   0  53   8   0   3   1   0   1   1   2   3   3   0   1   0   1  45
9   7   0   1   5   3   5  21  10   2   2   4   0  43  16   2   2   3   0  49   7   0   3   1   1   3   3   0   3   3   0   2   0   2  41
10   8   2   1   3   5   4  27  12   2   0   3   0  50  17   2   1   2   0  57   9   0   3   1   0   0   2   0   3   1   2   0   0   2  48
12   9   2   1   4   7   6  25  10   1   2   4   4  41  12   0   2   3   0  47   9   0   2   1   0   3   2   3   1   2   0   1   2   0  40
15  11   2   2   6   0   6  31  12   2   2   6   0  53  17   1   2   5   1  67  13   0   3   2   3   3   3   3   0   3   0   2   2   1  57
9   7   0   1   6   5   6  22  10   2   2   3   7  35  11   1   1   2   4  40   7   2   2   1   4   3   0   2   2   1   0   1   1   2  34
15  10   1   1   4   7   6  26   9   1   0   4   3  51  19   1   1   3   2  58   8   0   2   1   0   1   1   0   0   0   3   1   0   1  49
14  11   1   2   5   4   5  21   7   0   2   4   0  38  14   2   3   3   0  40   6   0   3   1   0   1   1   0   2   3   2   2   1   1  34
8   8   1   1   4   7   6  24  12   2   3   4   2  45  16   2   2   3   0  56  10   0   1   1   0   1   1   3   1   3   3   2   2   1  48
14  10   2   2   3   4   4  24   9   2   0   3   3  39  13   2   3   2   0  48  10   0   1   1   0   3   1   1   3   3   0   1   1   1  41
16  11   2   1   4   5   4  30  11   2   2   4   0  53  18   2   2   3   0  59   8   0   2   1   0   1   2   1   0   3   0   1   1   2  50
16  12   2   1   5   1   5  29  10   1   2   5   0  52  17   2   1   3   0  56   7   0   2   1   1   3   1   1   1   3   0   1   1   0  48
14  10   1   1   4   0   4  28  10   2   3   4   0  51  18   1   2   3   0  52   6   1   1   1   0   0   0   3   2   0   0   0   2   0  44
9   8   2   1   2   7   3  16   6   1   3   2   3  30  12   1   1   1   0  26   1   0   1   0   0   0   1   3   1   1   2   0   2   2  22
13  10   1   1   4   4   4  27  10   1   0   5   4  46  16   1   1   3   0  54   9   0   2   1   0   3   0   1   2   1   3   2   2   1  46
10   8   1   3   3   0   3  17   7   2   3   3   0  32  13   1   1   2   0  37   6   0   1   1   0   2   2   0   2   0   0   0   0   0  32
11   9   1   2   5   1   5  23  10   2   2   4   0  39  13   1   2   2   0  47  10   0   2   1   2   1   3   3   1   3   0   2   2   2  40
9   7   1   2   2   8   6  13   5   1   2   1   2   8   0   1   1   0   1   4   1   0   2   0   0   0   3   3   2   1   3   1   2   1   3
16  11   1   2   7   6   7  27   9   0   0   7   2  48  16   1   1   5   0  57   9   0   2   1   0   3   1   1   2   3   3   2   2   2  48
8   7   0   0   2   8   5  12   6   1   1   2   2  35  16   2   1   2   0  44  10   1   2   1   1   1   2   3   2   3   0   2   1   2  38
14  10   1   1   4   7   6  27  10   1   2   4   3  39  11   0   2   2   3  52  12   2   1   1   5   0   1   0   0   2   0   0   0   0  44
0  1  1  2  0  8  4  0  1  0  1  0  4  4  4  1  1  0  0  0  0  0  2  0  0  3  2  0  2  1  1  2  0  1  0
12   9   1   1   4   6   5  26  11   2   1   3   0  43  13   1   2   2   0  46   7   0   2   1   0   0   2   2   0   1   0   0   0   2  39
10   8   0   1   7   3   7  21  10   2   3   7   0  43  15   0   2   4   0  48   7   1   2   1   0   1   2   3   2   2   1   2   1   0  41
10   9   1   1   7   2   6  28  13   2   1   7   0  55  20   1   3   5   0  65  11   1   2   2   0   3   2   3   2   2   1   1   1   0  55
21  15   2   0   5   4   6  34  11   2   2   4   0  62  20   2   2   3   0  64   6   1   2   1   0   1   2   0   0   1   0   2   0   2  55
6   6   0   3   6   0   6  18   9   1   1   6   1  38  15   1   1   4   0  43   7   1   1   1   2   2   0   0   1   3   0   0   0   2  37
9   7   1   3   2   8   6  16   7   1   2   2   2  21   6   1   2   1   0  15   0   2   2   0   0   2   3   1   1   2   1   1   2   1  13
11   9   1   1   6   3   6  24  10   1   1   7   0  45  16   2   3   4   0  48   7   1   1   1   0   1   1   3   3   3   1   2   2   2  41
8   7   0   1   5   2   5  17   9   1   0   5   1  36  14   2   2   3   2  41   7   1   2   1   0   0   0   0   0   0   2   0   1   0  35
2  3  1  3  1  8  4  0  0  1  0  0  8  0  0  1  2  0  7  0  0  0  2  0  4  2  0  0  0  3  1  1  1  1  0
17  12   2   1   4   7   5  26   8   1   2   3   6  47  16   2   1   2   2  56   9   0   1   1   0   0   0   3   1   0   2   0   2   0  48
9   8   0   2   7   4   7  22  11   2   1   7   0  48  19   1   2   5   0  66  15   1   2   2   0   1   3   3   3   1   1   1   2   2  56
18  12   2   3   5   1   4  34  12   2   2   5   0  61  21   3   2   3   0  68   9   0   2   1   0   3   1   2   3   3   3   2   0   2  58
18  12   2   1   5   4   6  31  11   2   3   5   0  53  17   1   1   3   0  58   8   0   2   1   0   2   2   3   1   1   3   0   2   1  49
14  10   1   1   5   2   5  23   8   0   2   5   0  56  22   2   1   3   0  64   9   1   2   1   0   0   1   0   0   1   1   0   0   1  54
9   8   2   2   2   8   5  16   6   1   2   2   1  32  13   1   1   2   0  38   7   0   2   1   0   2   3   3   2   0   3   0   1   0  32
19  13   2   1   5   2   6  28   8   1   1   4   0  50  16   1   2   3   0  54   6   0   2   1   0   0   3   1   3   2   0   1   0   0  46
13  10   1   1   4   0   4  27  11   2   1   3   0  48  16   2   3   3   0  53   7   1   2   1   0   1   0   1   2   2   1   1   2   0  45
16  11   1   0   5   6   6  33  13   2   1   5   4  56  17   1   3   4   0  68  12   1   1   2   1   3   1   0   3   3   0   2   0   2  58
14  10   1   1   5   2   5  22   8   1   2   5   0  48  18   1   1   4   0  52   6   1   3   1   0   0   3   1   1   0   0   0   2   1  44
6   6   0   3   5   3   5  24  13   2   0   6   0  58  22   3   1   4   0  62   7   0   2   1   0   3   3   3   2   0   0   2   0   0  52
11   8   1   1   3   0   3  25  11   1   1   3   0  36  11   1   3   2   0  41   7   0   1   1   2   0   1   3   0   3   0   1   2   1  35
6   6   1   1   1   8   5  13   6   2   1   1   2  21   8   2   2   1   0  15   0   0   1   0   0   0   2   3   1   3   2   1   1   2  13
8   7   2   1   2   8   5  15   6   1   1   2   1  33  14   1   2   2   0  40   8   0   1   1   0   0   3   3   1   2   1   0   1   0  34
11   9   1   3   6   1   6  20   7   0   1   5   0  46  18   1   1   3   0  57  11   1   1   1   0   0   2   3   1   0   2   0   1   0  48
16  11   1   1   6   4   6  32  13   2   0   4   7  49  14   2   3   2   2  60  11   1   3   1   0   3   0   0   2   3   2   0   0   2  51
10   8   1   3   2   7   3  18   8   2   0   2   2  40  16   1   1   2   1  45   8   0   3   1   1   3   2   0   0   0   0   1   0   0  38
18  13   3   2   6   5   6  34  12   3   1   5   0  53  15   2   3   3   0  59   9   0   3   1   0   2   2   0   2   2   2   0   0   0  50
8   7   0   1   6   3   6  23  12   2   3   6   0  44  15   1   2   4   1  52   8   1   2   1   0   1   1   3   0   3   2   2   1   2  44
15  10   1   1   2   7   3  17   4   2   2   1   7  17   4   1   1   0   3  11   0   1   1   0   0   2   0   2   1   3   3   1   0   1  10
14  10   2   0   3   4   4  27  10   2   1   3   1  42  13   0   2   2   0  52  10   1   2   1   0   0   1   1   3   3   3   0   1   2  44
15  11   1   1   5   5   6  29  11   2   2   5   2  55  20   2   2   4   0  64   9   0   3   1   0   0   0   1   3   0   2   0   2   1  54
12   9   1   1   4   1   4  24  10   1   1   4   0  42  15   1   2   3   0  52  10   1   2   1   0   2   1   1   2   3   3   0   1   1  44
17  12   1   0   7   2   6  31  11   2   1   7   0  57  19   1   2   5   0  68  11   0   2   1   0   1   3   2   0   3   2   1   0   2  58
14  10   2   2   7   0   7  26  10   2   2   6   0  49  17   1   3   4   0  58  10   2   2   1   0   0   1   2   3   2   0   0   1   0  49
21  14   2   1   6   1   6  34  10   1   1   6   0  58  19   1   1   4   0  60   7   0   2   1   0   1   3   3   1   3   0   1   1   2  51
14  10   2   2   4   7   7  22   8   1   0   4   3  47  17   1   2   3   3  59  12   1   3   1   0   3   2   0   0   1   1   0   0   2  50
12   9   1   3   5   6   6  19   7   1   1   4   1  37  13   2   3   2   0  52  12   1   1   1   0   2   3   1   1   3   3   0   1   2  44
14  10   2   3   3   6   4  19   5   1   3   2   2  31  10   2   1   1   0  23   0   0   3   0   0   3   2   2   3   1   3   2   0   2  20
11   8   3   1   1   8   6  15   5   1   2   1   7   9   0   1   1   0   8   5   0   1   2   0   7   0   0   3   0   2   1   0   1   0   4
14  10   1   1   6   3   6  27  10   2   2   6   0  62  24   3   2   4   0  74  13   0   1   2   0   2   3   1   1   3   3   0   2   2  63
16  11   2   1   5   4   5  30  11   2   1   6   0  56  19   2   2   5   0  59   7   1   2   1   0   1   3   3   2   2   2   2   0   1  51
18  13   2   1   6   2   7  35  12   1   0   6   0  57  17   1   3   4   0  66  10   1   1   1   0   2   3   0   2   2   0   0   1   0  56
13  10   2   1   5   1   6  24  10   1   1   5   0  50  20   1   2   4   0  54   8   1   1   1   0   3   2   3   2   1   0   2   2   2  46
15  11   2   1   4   2   4  25   8   1   2   3   0  48  17   2   2   2   0  60  11   1   1   1   0   0   3   1   3   2   0   0   2   0  51
17  11   1   2   6   5   6  30  11   1   1   6   0  56  19   1   2   4   0  63  10   1   2   1   0   0   3   1   2   3   2   0   0   1  54
17  12   1   0   6   3   6  35  14   3   1   7   2  65  22   2   1   5   0  73  10   2   3   1   0   1   0   0   1   3   3   1   1   2  62
5   6   1   3   2   5   3  14   7   1   3   2   1  26   9   2   2   1   0  29   6   1   3   0   0   3   1   3   2   3   1   1   2   2  24
9   8   0   0   7   1   6  24  12   1   1   7   0  54  21   2   1   5   0  68  12   1   2   2   0   1   2   1   1   1   0   2   1   1  58
15  11   1   2   5   6   7  31  11   1   1   5   2  49  14   0   3   3   3  56   9   2   3   1   0   1   2   3   0   3   2   2   1   1  48
13  10   1   3   6   5   7  23   8   1   1   2   8  39  13   2   2   1   4  33   0   0   2   0   0   3   0   1   1   1   3   1   1   1  28
15  11   1   1   6   0   6  31  12   2   2   6   0  57  20   2   2   5   0  72  14   1   2   2   0   0   0   3   0   0   3   0   1   0  61
21  14   3   1   4   0   4  28   8   1   2   3   0  42  12   0   2   2   0  56  13   1   2   1   0   2   0   3   3   3   0   0   1   1  48
17  12   1   1   5   1   5  34  12   2   2   5   1  60  18   1   2   4   0  65   9   0   1   1   0   1   0   3   1   1   1   2   2   2  55
14  10   1   0   7   4   6  30  12   2   1   6   0  48  14   0   1   4   0  58  11   1   3   2   0   0   3   1   0   1   2   0   2   1  49
13   9   2   0   2   8   5  25   9   3   1   2   0  35   9   2   3   1   1  30   2   0   2   0   0   1   3   3   0   2   1   2   2   0  26
13   9   3   2   3   7   5  22   8   1   1   3   1  44  16   1   1   2   0  51   7   0   2   1   0   1   2   0   2   3   1   1   1   1  43
19  13   2   0   3   7   5  36  12   3   0   3   2  58  17   2   1   2   0  69  11   1   2   1   0   1   3   0   2   0   2   2   0   1  58
11   9   1   2   4   7   6  27  11   2   0   4   3  43  13   2   2   2   3  57  12   1   1   1   0   3   1   0   0   3   2   1   0   1  48
12   9   1   1   7   2   7  25  10   2   1   6   0  47  16   1   2   5   0  64  15   1   1   2   0   1   3   1   2   3   0   2   2   1  54
6   6   0   1   3   7   6  14   7   1   1   2   6  25  10   2   2   1   3  25   4   1   2   0   0   0   0   1   1   3   2   0   2   1  21
22  15   3   1   6   3   7  31   8   1   2   6   5  65  23   2   1   4   0  72  10   0   1   1   0   2   0   1   2   2   1   0   1   1  62
7  6  1  2  1  7  3 10  4  1  2  1  2  5  0  2  2  0  0  1  0  1  1  0  0  3  3  1  3  3  1  2  0  1  1
11   9   1   3   4   2   4  23  10   1   0   4   0  44  17   2   2   3   0  47   8   1   2   1   0   3   3   0   3   1   3   2   0   1  40
22  15   3   1   5   2   5  38  13   2   1   4   0  55  14   1   2   3   0  58   7   2   3   1   0   3   3   3   0   3   2   2   1   1  49
15  11   2   1   3   6   3  28  10   2   2   3   0  41  11   1   2   2   0  33   0   0   2   0   0   0   3   1   0   2   1   1   1   0  28
16  11   2   1   3   0   3  29  11   3   1   3   0  45  13   1   1   2   0  59  13   2   1   1   0   3   0   3   3   2   1   2   2   0  50
7   6   1   1   1   8   6   8   3   1   1   1   4  20   9   2   3   1   0  24   6   2   1   0   0   0   1   1   3   2   2   0   1   0  21
12   8   1   2   2   8   4  27  11   3   1   2   4  38   9   0   2   1   5  30   0   0   2   0   0   3   3   3   0   2   2   2   1   0  25
14  10   1   1   7   3   6  27   9   1   3   7   1  50  18   1   3   4   2  58  10   0   2   1   0   3   1   2   0   2   2   1   0   0  49
9   8   1   1   5   7   6  22  10   2   3   5   3  42  15   1   2   4   0  45   6   0   2   1   0   0   2   3   3   1   3   0   1   1  38
14  11   1   2   7   1   7  27  11   1   1   6   0  57  21   2   2   5   0  72  15   1   1   2   0   3   3   0   0   3   3   1   0   1  61
15  10   1   1   5   5   5  26   9   1   2   4   0  52  18   3   1   3   0  61  11   0   1   1   0   0   3   3   2   1   0   0   1   2  52
10   8   0   0   3   5   3  25  11   2   1   3   4  44  16   2   1   2   0  35   0   2   2   0   0   0   0   0   3   1   1   0   1   2  29
11   8   1   3   4   6   5  24  10   1   1   4   1  44  15   1   1   3   1  50   8   2   2   1   0   2   1   0   0   2   1   0   1   1  42
10   8   1   1   2   8   5  14   5   1   2   1   8  26  10   2   3   1   5  26   3   0   2   0   6   0   0   1   2   3   0   0   1   2  22
18  12   2   1   6   5   6  32  11   1   0   5   2  50  15   1   2   4   0  62  11   1   3   1   0   3   3   0   1   3   1   1   0   2  53
9   8   0   2   6   4   6  25  12   1   2   7   0  47  17   1   2   5   0  64  15   1   2   2   0   0   1   1   3   1   1   0   1   1  55
7   6   0   1   2   8   6  14   7   1   1   2   3  31  14   1   3   2   0  33   5   0   2   1   0   1   3   3   3   3   1   2   1   2  28
8   7   0   1   4   1   4  21  10   1   1   4   1  43  17   2   3   3   0  48   9   0   2   1   0   0   0   3   2   3   2   0   1   1  41
15  11   2   1   3   6   5  25   8   1   0   2   2  40  12   1   1   2   0  48   9   0   2   1   0   0   1   0   2   0   3   0   0   1  41
0  0  2  2  0  8  6  0  2  1  1  0  4  0  0  1  1  0  5  0  1  0  2  0  0  0  1  1  0  1  2  0  1  2  0
6   6   0   2   5   2   6  17   9   1   2   4   0  40  16   1   2   3   0  50  10   0   2   1   0   1   3   3   0   3   3   2   2   1  43
13  10   1   1   5   6   6  21   7   1   2   2   8  27   7   1   2   1   8  23   1   0   2   0   7   3   0   3   0   1   0   2   1   2  20
9   7   1   1   2   8   6  24  10   2   1   2   3  38  12   1   1   1   0  36   4   0   2   0   0   1   2   1   1   2   3   2   1   0  30
11   9   1   2   4   4   4  18   7   1   3   3   2  37  14   1   1   2   0  39   5   0   2   1   0   2   1   2   1   1   0   0   0   2  33
5   5   1   2   1   8   4  12   6   2   1   1   2   6   0   2   2   0   2   8   4   1   1   0   0   2   2   0   0   1   1   0   0   1   7
18  12   2   1   4   3   4  26   7   1   2   3   1  44  13   2   2   2   0  36   0   0   2   0   1   1   2   1   1   3   0   1   2   2  31
18  13   3   0   4   7   6  20   4   1   3   1   8  33  11   2   2   1   3  30   2   1   2   0   4   1   0   2   3   3   0   1   1   2  25
16  11   1   0   5   6   6  26   9   1   0   4   0  51  18   2   2   3   0  58  10   1   2   1   1   0   1   0   3   3   0   0   0   1  49
10   9   1   1   6   1   6  24  10   1   1   6   2  43  15   1   2   4   0  51   9   1   2   1   0   2   0   1   2   1   2   0   1   1  43
23  15   3   3   7   4   7  35  10   1   1   6   5  64  21   1   1   5   0  73  10   0   2   2   0   3   0   0   3   2   2   2   1   1  62
19  13   2   1   4   1   4  32  11   1   0   4   0  51  15   2   1   2   0  60  11   2   3   1   0   0   2   1   3   1   0   0   2   0  51
14  11   2   1   7   4   6  29  12   2   0   7   0  51  16   1   2   5   0  64  12   0   2   2   0   0   3   1   2   3   0   0   2   2  54
12   9   1   2   3   2   3  21   8   1   2   3   0  36  12   2   2   2   0  51  14   2   2   1   0   1   3   2   2   0   2   2   1   0  44
5   5   0   3   4   6   5  17   9   2   2   4   3  41  18   2   2   3   0  46   7   1   2   1   0   3   2   0   1   3   0   0   0   2  39
12   8   1   3   6   1   6  30  13   2   0   6   0  53  17   1   3   4   0  61   9   0   2   1   0   3   1   3   2   3   1   1   1   2  52
13   9   1   3   3   3   3  25  10   2   2   3   0  47  16   2   1   2   0  50   8   0   3   1   0   2   3   3   0   0   2   0   2   0  42
18  13   2   1   5   5   6  31  11   2   1   5   0  53  16   1   2   3   0  53   5   0   2   1   0   1   3   3   3   3   3   1   1   2  45
16  11   2   0   5   1   5  29  10   1   0   5   0  55  20   2   3   4   0  62   9   0   1   1   0   0   0   1   3   3   3   0   2   2  53
15  10   2   2   3   5   3  23   8   1   2   3   2  42  14   2   2   2   5  35   0   1   2   0   0   2   1   2   0   2   3   1   0   1  30
11   9   1   1   4   3   4  20   7   1   2   3   0  41  15   2   2   2   0  44   7   0   1   1   0   0   2   0   0   3   1   1   0   1  38
18  12   3   0   3   7   6  29   9   1   3   3   1  46  14   1   2   2   2  54  10   1   2   1   4   0   3   3   0   3   0   1   2   1  46
20  13   3   2   5   3   5  34  12   2   0   5   0  51  14   0   3   3   0  57   8   1   2   1   0   0   2   3   1   3   1   0   2   2  49
10   8   1   1   3   1   3  20   8   1   2   3   0  35  12   2   1   2   0  54  14   2   1   1   0   2   1   1   0   1   3   0   2   2  46
11   9   1   2   4   6   4  26  12   2   1   4   3  43  15   1   2   2   4  49   8   1   1   1   0   0   3   0   0   3   2   0   0   1  41
13   9   2   2   2   8   6  21   7   1   2   2   4  41  15   2   2   2   0  33   0   1   3   0   0   3   2   1   1   2   1   1   1   0  28
14  10   1   1   5   2   5  33  14   2   0   5   2  55  18   2   2   3   0  63   9   1   2   1   0   1   0   1   2   2   1   2   2   1  54
13   9   3   1   1   8   6  18   6   2   2   1   6  13   0   2   3   0   8   9   0   1   2   0   2   1   0   2   0   3   3   1   1   1   8
11   9   2   1   2   7   4  25  11   3   0   2   1  34   8   1   1   1   0  28   1   0   2   0   0   0   3   0   3   3   1   0   0   2  23
13  10   1   0   5   1   6  25   9   1   3   4   3  42  13   2   3   3   0  47   7   0   1   1   0   1   0   2   1   2   3   2   1   0  40
16  11   1   1   6   0   6  34  13   2   0   5   0  55  16   2   2   4   0  60   7   1   1   1   0   1   2   0   0   1   2   1   1   1  51
7   6   0   1   4   0   4  18   9   1   1   4   1  38  15   1   3   3   0  45   9   0   1   1   0   3   0   3   2   2   1   2   0   0  39
19  13   2   0   6   5   6  34  11   1   1   7   0  63  20   2   2   5   0  74  12   0   3   2   0   1   1   1   2   1   0   1   2   1  63
3   4   1   1   1   8   6   7   5   2   2   1   4  15   7   1   2   1   0  19   6   1   2   0   0   3   2   3   2   2   0   2   2   1  16
7   6   1   1   2   8   4  16   8   1   1   2   4  19   6   2   2   1   0  12   0   0   2   0   0   0   3   2   3   1   3   1   0   1  10
18  13   2   1   5   4   6  31  11   1   1   5   4  53  17   1   1   4   4  56   6   1   3   1   0   0   0   1   0   1   2   1   1   2  48
15  10   1   0   5   0   5  34  13   3   2   5   0  52  15   1   2   3   0  58   9   0   2   1   0   1   0   0   3   1   2   1   0   1  49
12   9   1   3   7   1   6  24   9   1   2   7   0  52  20   1   2   4   0  58   8   1   3   1   0   2   2   3   1   3   3   0   0   1  49
9   7   0   1   3   2   3  23  10   2   0   3   0  36  11   1   2   2   0  39   7   0   1   1   0   2   3   0   3   2   1   0   0   0  33
11   8   1   1   3   1   4  15   5   0   2   3   0  30  13   2   2   2   0  23   0   0   2   0   0   1   2   1   1   1   0   1   1   1  20
18  13   2   1   7   0   6  34  12   2   1   7   0  65  22   1   1   5   0  73  10   1   2   1   0   0   1   0   2   1   2   0   0   1  62
15  10   2   3   4   7   6  31  13   2   1   4   4  51  15   1   3   3   0  60  12   1   3   1   1   3   2   0   2   3   0   1   0   2  51
15  11   2   0   3   1   3  28  11   2   2   3   0  44  14   1   2   3   0  52   9   1   2   1   0   1   1   3   0   3   2   2   1   2  44
