5   5   2   2   1   8   6   7   4   2   1   1   2  23  11   2   1   1   0  19   1   2   3   0   0   1   3   0   2   3   1   1   0   2  16
12   9   1   3   6   0   7  28  12   1   0   6   0  58  21   2   2   4   0  58   5   0   3   1   0   3   1   1   0   2   0   2   2   0  49
14  10   2   0   4   4   4  29  12   2   2   4   0  59  21   2   1   3   0  59   5   1   3   1   0   0   3   3   2   1   3   1   2   2  50
14  10   2   1   3   0   4  21   7   1   1   2   0  31  10   2   2   1   0  27   1   1   1   0   0   0   1   3   0   3   0   0   2   2  23
9   8   1   0   4   6   4  24  10   2   2   4   1  45  15   1   2   3   3  55  10   1   2   1   0   0   1   1   0   0   3   0   2   0  47
14  10   1   2   3   7   4  27  10   1   0   3   0  47  15   1   2   3   0  58  11   0   1   1   0   1   3   3   2   1   2   2   2   1  49
9   7   2   3   3   1   4  23  10   2   1   3   0  40  13   0   3   3   0  51  10   0   1   1   0   2   2   0   2   2   1   0   0   0  43
12   9   1   2   6   0   6  32  14   3   3   6   0  59  20   1   2   4   0  71  13   1   2   1   1   1   3   3   2   2   0   2   2   0  61
14  10   2   2   3   5   3  19   6   1   2   2   3  31  11   2   1   1   2  28   2   0   3   0   0   2   1   3   1   1   2   0   2   1  24
14  10   1   2   6   2   6  34  14   2   1   6   0  59  18   1   2   4   0  63   8   0   2   1   0   2   2   2   0   2   0   0   0   0  53
8   6   0   2   5   2   5  28  14   2   1   6   0  55  20   1   1   5   0  56   6   0   1   1   0   1   2   3   2   2   1   2   0   1  47
16  11   2   3   5   4   6  32  12   2   1   5   0  63  21   3   2   4   0  70   9   1   2   1   0   2   2   0   2   3   3   0   0   2  60
15  10   1   0   5   5   6  29  10   2   2   4   6  47  15   2   2   2   2  54   9   2   1   1   0   0   0   3   3   3   3   0   2   2  46
16  11   1   1   6   3   6  27  10   1   2   5   0  53  18   1   2   4   0  58   9   0   2   1   0   3   3   3   0   1   3   1   2   2  49
12   9   1   1   7   4   6  31  14   3   1   6   1  59  20   2   3   4   3  64   9   1   2   1   6   2   1   2   0   2   0   1   0   0  54
17  12   2   1   4   7   5  28   9   2   2   3   2  46  13   1   1   2   0  55  10   1   2   1   0   2   2   2   1   1   2   0   0   2  47
8  7  0  1  3  7  6  7  2  2  1  0  8  3  0  2  2  0  5  4  4  0  1  0  2  3  0  3  1  2  1  2  2  0  4
13  10   1   1   7   2   7  30  12   2   0   7   3  56  19   3   3   4   2  63  10   1   1   1   0   3   0   0   0   3   2   2   0   1  54
13  10   3   0   3   0   4  24  10   2   1   3   0  37  11   1   3   2   0  45   8   0   2   1   0   1   3   3   1   2   0   2   1   1  38
14  10   1   0   3   7   5  24   9   2   1   3   3  41  13   1   2   2   6  34   0   0   1   0   7   3   1   3   0   2   0   2   2   0  29
15  10   1   1   6   1   6  27  10   2   1   5   0  52  18   1   1   4   0  58   9   1   2   1   1   0   1   3   1   3   0   0   1   1  50
10  8  1  3  5  4  5  5  0  1  3  0  8  7  4  2  1  0  3  2  0  0  2  0  3  3  0  3  1  1  0  1  1  2  2
16  12   2   1   6   4   6  31  11   2   2   5   3  52  16   2   3   3   6  44   0   1   1   0   8   2   1   3   0   3   0   0   2   1  38
12   9   2   1   2   7   4  18   6   2   2   1   2  24   7   3   1   0   0  24   4   2   3   0   0   0   2   2   1   0   1   1   0   1  20
14  10   2   0   3   3   3  25   8   1   2   2   0  36   9   2   3   1   0  29   0   1   2   0   0   0   2   1   0   3   2   0   1   2  25
11   9   1   1   6   2   6  26  11   2   2   5   0  57  21   2   1   4   0  63   9   0   1   1   0   3   2   0   1   0   2   1   1   0  54
10   8   1   1   6   3   6  21  10   1   1   6   2  36  12   0   2   3   1  41   8   1   2   1   0   0   0   1   1   3   2   0   1   0  35
15  11   2   1   6   1   6  34  14   3   2   5   0  54  16   2   3   3   0  54   5   1   2   1   0   3   2   2   1   3   1   2   0   1  46
4  4  1  0  1  8  4  0  0  1  1  0  4  3  4  1  1  0  1  0  0  2  3  0  0  1  1  1  1  2  2  1  2  0  0
12   9   3   0   2   7   5   6   0   0   1   0   8   2   1   1   1   0   1   0   0   0   2   0   0   1   0   1   2   0   1   2   2   0   0
11   9   1   1   6   3   6  26  13   2   0   6   0  46  16   1   1   4   0  56  10   0   1   1   0   2   3   1   3   0   0   0   2   1  48
7   6   1   1   2   8   5  18   9   2   2   3   1  37  14   2   2   2   2  40   6   0   3   1   0   0   3   3   0   0   3   0   1   0  34
12   9   1   1   6   3   6  33  15   2   0   7   0  56  18   1   1   5   0  71  14   2   3   2   0   1   2   0   3   3   2   2   0   2  61
13  10   1   1   5   5   5  28  11   1   1   5   0  53  18   2   3   3   0  57   7   1   3   1   0   0   2   3   1   2   3   0   1   0  48
9   8   1   1   4   2   4  21  10   1   1   4   0  44  16   1   1   3   0  52   9   1   2   1   0   3   2   0   3   0   1   1   0   0  44
8   7   1   1   3   2   3  22  10   1   1   3   4  44  17   2   1   2   0  40   2   0   1   0   0   1   0   3   3   1   1   2   2   1  34
15  10   2   1   4   5   5  30  11   2   1   4   0  49  15   2   3   2   0  56   8   0   3   1   0   1   3   0   3   2   0   2   1   0  47
10   8   0   1   6   6   6  26  11   2   1   5   1  59  22   2   1   4   0  62   7   1   1   1   0   2   2   1   0   3   1   0   2   2  52
14  10   1   1   4   0   4  31  12   2   1   4   0  58  19   2   2   3   0  60   7   1   2   1   0   2   1   1   0   1   2   0   1   1  51
17  12   2   1   6   0   6  28   9   1   1   6   0  51  18   1   2   4   0  51   5   0   3   1   0   0   1   3   2   1   1   0   1   0  43
14  10   1   1   5   0   6  28  10   2   2   5   0  49  16   2   2   3   0  60  11   1   3   1   0   0   3   3   0   0   2   0   1   0  51
19  13   2   2   5   4   6  33  11   2   2   5   0  55  17   1   2   3   0  57   7   1   2   1   0   2   3   2   0   0   2   1   1   1  48
17  12   1   1   6   4   5  31  10   1   1   6   1  56  19   2   2   4   0  61   7   0   1   1   0   2   1   0   2   3   2   0   0   1  52
18  13   2   1   7   0   7  37  14   2   1   6   0  63  19   1   1   4   0  70  10   1   1   1   0   3   0   0   1   1   0   2   1   1  59
14  10   1   1   3   6   4  27  10   3   1   2   6  38  10   1   1   1   2  44   7   2   1   1   0   1   0   3   3   2   3   2   2   0  37
16  12   1   0   4   2   4  24   8   1   2   4   0  49  19   2   2   3   0  54   9   1   1   1   0   0   2   0   2   2   2   0   1   0  46
6   6   1   1   2   7   4  14   8   2   1   2   3  31  13   2   2   2   0  35   6   1   1   1   0   0   1   0   3   3   3   0   1   2  30
15  11   1   1   7   0   6  27  11   1   1   7   0  53  19   2   2   5   0  69  14   0   3   2   0   1   2   1   1   1   1   1   1   2  59
15  11   1   2   6   1   6  32  12   2   3   5   0  50  15   1   2   3   0  54   8   1   1   1   0   3   1   2   0   1   0   2   0   1  46
9   8   1   2   5   0   5  21   9   1   1   5   0  46  17   2   2   4   0  50   7   1   1   1   0   1   3   0   3   3   2   0   0   1  43
4   5   0   0   2   8   4   9   6   2   2   2   2  25  13   2   2   1   3  26   3   0   1   0   0   0   3   3   0   0   2   0   2   0  22
11   8   1   1   4   3   5  23   9   1   3   5   0  41  15   1   3   4   0  46   8   1   2   1   0   0   3   2   0   3   1   0   0   1  39
22  14   2   0   6   3   6  39  13   2   1   6   4  66  20   1   1   4   0  82  14   1   2   2   0   1   0   3   3   0   3   2   0   0  69
20  14   2   1   6   5   6  34  11   1   1   4   7  55  16   1   3   3   3  57   7   0   3   1   0   3   0   0   3   2   1   1   1   0  48
12   9   1   1   5   0   6  28  11   2   1   5   0  55  19   3   2   3   0  63  10   1   1   1   0   1   1   0   2   1   2   1   1   2  54
11   9   0   0   4   4   4  22   9   1   1   4   1  44  16   2   3   3   0  49   8   0   3   1   0   0   2   1   2   2   0   1   2   0  42
8   7   0   3   5   0   6  19   9   2   3   4   0  40  16   2   1   3   0  49  10   0   1   1   0   2   0   3   1   3   0   0   1   2  41
17  12   3   1   4   1   4  34  13   2   2   5   3  57  17   2   1   3   0  64  10   0   3   1   0   3   0   2   1   1   2   1   0   1  54
11   8   1   1   4   1   4  20   8   1   3   5   0  39  15   1   2   3   0  47  10   1   1   1   0   0   2   3   1   1   3   0   2   2  40
17  12   2   1   6   0   6  28  10   1   1   6   0  55  19   2   2   4   0  62  10   1   2   1   0   0   1   1   2   3   2   0   2   2  53
11   8   0   0   6   6   6  20   9   1   3   6   2  39  15   1   2   4   3  46   9   2   1   1   0   0   3   2   0   3   2   0   0   2  39
20  14   2   0   5   0   6  31   9   1   1   4   0  54  17   2   1   3   0  64  11   1   3   1   0   1   3   0   2   1   0   0   0   2  55
11   8   1   1   5   6   6  22   9   2   3   4   7  21   3   2   1   0   8  18   1   1   1   0   6   3   0   3   0   0   1   2   2   0  15
19  13   2   1   6   1   6  36  13   2   1   6   0  71  25   3   2   4   0  79  11   0   1   1   0   1   1   1   1   3   3   2   2   1  67
14  11   2   1   7   4   7  30  13   2   1   6   2  52  17   1   2   4   0  59   9   1   1   1   0   1   1   3   1   3   1   2   2   2  50
8   6   0   1   3   8   5  23  11   2   1   3   1  40  14   1   2   3   0  42   6   0   3   1   0   1   3   1   0   3   1   2   2   2  36
13  10   1   1   4   3   4  22   7   1   2   4   0  49  19   2   1   3   0  59  11   1   1   1   0   1   1   1   2   2   2   0   1   1  50
15  11   2   0   3   7   6  25   8   1   2   3   3  36  11   1   2   2   0  41   7   1   3   1   0   0   1   2   3   2   3   1   0   0  35
11   8   1   2   3   4   4  21   8   1   1   3   1  34  12   2   2   2   0  37   6   0   2   1   0   2   3   1   1   1   2   0   1   2  32
17  12   2   1   6   2   5  31  11   1   1   5   0  52  17   1   1   3   0  58   9   1   2   1   0   1   3   2   1   2   3   2   0   0  49
10   8   1   1   3   1   4  19   8   1   1   2   0  25   7   1   1   1   0  19   0   1   1   0   0   1   2   1   3   1   2   1   1   2  16
17  11   1   1   4   2   4  28   9   1   2   3   0  47  15   2   1   2   0  53   8   1   3   1   0   3   3   3   3   1   0   2   2   2  45
12   9   1   1   6   1   6  22   9   1   1   6   0  48  18   2   1   4   0  53   8   0   2   1   0   1   1   1   0   3   2   1   1   2  45
12  10   1   1   4   7   6  21   9   2   3   3   4  40  14   1   2   2   0  43   7   0   1   1   0   1   0   3   3   0   0   1   2   0  36
12  10   1   1   6   1   6  26  10   1   0   6   1  47  17   2   3   4   2  54   8   1   2   1   0   3   0   1   0   3   1   0   2   2  46
11   9   1   1   3   0   3  21   9   0   1   3   0  34  12   0   1   2   0  28   0   1   1   0   0   0   1   3   2   0   0   0   1   0  24
13  10   1   0   4   1   4  25  10   1   2   4   0  41  12   1   2   2   0  35   0   0   1   0   0   0   3   3   3   2   1   0   1   1  30
19  12   2   0   4   7   5  28   8   1   1   3   1  48  16   2   1   2   1  57  10   1   2   1   0   0   3   3   0   1   1   0   1   2  49
19  13   3   1   5   1   6  38  14   3   1   5   0  74  24   3   1   3   0  83  12   1   1   1   0   0   3   1   1   2   3   0   2   1  70
16  11   1   1   6   6   7  30  11   1   2   6   1  45  13   0   2   4   0  56  10   0   2   1   0   3   3   1   1   1   3   1   2   1  47
20  13   2   3   5   6   6  31   9   1   1   3   7  46  12   2   2   2   3  55   9   0   2   1   3   3   0   2   1   3   0   2   1   2  47
1   3   0   1   1   8   4   7   6   1   3   1   6  18   9   2   2   1   4  13   0   1   1   0   6   2   1   2   1   2   0   0   0   0  11
15  11   1   0   6   3   6  27  10   1   2   5   0  48  16   0   2   3   0  51   7   0   2   1   0   0   2   3   2   3   0   0   2   2  43
10   7   1   3   3   4   3  20   8   1   3   3   0  38  14   0   2   2   0  50  10   1   2   1   0   3   2   2   0   3   3   1   0   1  42
21  14   3   3   6   1   5  34  10   1   1   5   0  55  16   1   2   3   0  55   6   0   2   1   0   2   2   1   1   3   2   1   1   2  47
9   8   1   1   6   1   5  22  10   2   2   6   0  41  15   0   1   4   0  46   7   1   1   1   0   1   0   3   1   0   2   2   2   0  39
15  11   1   1   5   5   6  32  13   2   0   5   2  57  18   1   2   4   0  60   7   1   2   1   0   1   2   1   1   1   1   2   2   1  51
15  10   3   3   2   8   5  17   4   2   1   1   8  29  10   2   1   1   1  29   4   1   1   0   0   3   0   0   3   3   2   2   0   2  25
21  14   3   1   6   5   6  34  11   2   1   6   0  60  19   1   2   4   0  66  10   2   3   1   0   1   2   0   3   3   3   2   0   1  56
22  15   3   0   7   6   7  36  11   2   1   7   1  62  20   2   2   5   0  71  10   0   1   2   0   3   3   2   2   2   0   2   0   0  60
14  10   1   1   6   4   6  25   8   1   3   5   3  53  20   2   2   3   0  55   6   0   2   1   0   0   0   3   3   1   3   0   0   2  47
17  12   2   1   4   0   4  27   9   1   1   4   0  49  17   2   1   3   0  56  10   0   1   1   0   2   3   3   1   3   0   0   2   2  48
13  10   1   1   6   0   6  25  10   1   1   6   0  46  16   0   2   5   0  59  13   0   2   2   0   3   1   1   3   0   0   2   1   1  50
10   9   1   2   4   2   4  18   8   1   2   3   0  32  11   1   2   2   0  39   7   0   3   1   0   1   1   1   0   1   1   1   1   1  33
22  14   2   1   6   0   6  36  11   2   1   5   0  51  13   0   3   4   0  55   9   0   2   1   0   1   1   3   3   3   3   2   2   2  47
11   8   0   0   6   0   6  24  10   1   1   6   0  55  22   2   1   4   0  61   9   2   2   1   0   0   3   2   3   1   3   0   0   2  52
10   9   1   1   3   1   3  21   8   1   0   3   0  39  14   1   2   2   0  44   7   0   2   1   0   2   2   1   2   3   0   0   1   2  37
17  12   1   1   5   4   5  27   9   1   0   4   0  53  19   2   1   3   0  66  12   2   2   1   0   0   3   0   1   3   3   0   0   1  56
11   9   1   1   4   4   4  31  13   2   1   5   0  55  17   1   2   4   0  61   8   1   2   1   0   0   1   1   0   1   1   0   2   2  52
11   9   1   3   5   0   5  24  10   2   2   4   0  46  17   2   3   3   0  46   6   0   2   1   0   2   1   3   2   3   3   0   2   1  39
14  10   1   1   6   2   5  25   9   1   1   7   2  51  18   1   2   4   0  64  13   2   2   1   0   1   0   1   3   2   0   1   2   1  54
20  14   2   1   6   0   6  26   8   0   3   6   0  45  16   0   2   5   0  58  12   1   1   2   0   3   3   1   0   2   0   0   1   0  49
11   9   2   1   3   5   3  19   7   2   1   2   6  33  11   1   2   1   2  26   0   2   1   0   0   3   0   2   3   3   2   2   1   2  22
17  11   1   0   6   5   7  26   8   1   2   5   1  49  18   2   1   3   0  54   8   0   2   1   0   1   1   3   1   2   2   2   2   0  46
5  5  1  0  1  8  7  9  4  3  1  0  5  4  0  1  2  0  1  0  0  1  2  0  4  0  1  1  1  2  0  0  1  0  0
15  12   2   0   5   5   5  24   9   1   1   5   0  46  17   3   2   3   0  53   8   1   3   1   0   0   3   0   2   0   3   0   0   0  45
22  14   3   2   7   1   6  37  12   2   1   6   0  63  20   3   2   4   0  72  11   2   2   1   0   2   3   3   3   1   3   0   2   1  61
14  10   1   1   7   0   6  28  11   2   2   7   0  57  20   2   2   4   0  57   6   1   1   1   0   3   3   3   3   3   0   1   2   2  48
15  11   2   1   5   4   6  27  10   2   3   5   0  63  24   3   1   3   0  65   6   0   2   1   0   2   3   3   0   0   2   0   1   1  55
13  10   2   1   3   6   5  23   8   1   1   3   1  39  13   2   1   2   1  47   9   0   1   1   0   0   1   0   0   1   2   0   1   2  40
6   5   1   1   2   8   6  18   9   1   2   2   1  32  12   1   2   2   0  36   7   0   2   1   0   1   3   2   2   0   0   1   0   1  30
8   7   1   1   4   3   4  20  10   2   1   4   0  36  13   2   2   2   0  42   7   2   2   1   0   2   1   1   3   2   0   0   0   1  36
15  11   1   1   6   2   6  31  12   2   1   6   3  61  22   2   1   4   4  79  15   2   1   2   0   3   0   1   0   1   3   2   1   1  68
21  14   2   1   6   5   6  34  10   1   2   5   1  60  19   1   1   4   1  63   7   0   3   1   1   3   1   1   0   1   0   1   2   1  54
10   8   0   2   6   2   6  30  14   2   2   6   0  56  19   1   3   4   0  61   8   1   2   1   0   2   3   1   0   2   0   0   2   0  52
16  12   2   3   6   4   6  35  14   3   2   6   5  54  15   1   1   4   4  56   7   0   2   1   4   3   0   1   0   1   0   2   1   1  47
12   9   2   2   2   8   5  23   8   1   1   2   3  33  10   2   1   1   0  34   5   1   3   0   0   3   2   3   1   3   2   2   1   2  29
12  10   1   3   6   1   6  28  11   2   2   5   4  58  20   3   2   3   1  64  10   2   1   1   0   2   0   2   2   3   1   1   0   2  55
14  11   1   0   5   3   5  26  10   2   1   4   0  43  14   1   1   2   0  59  13   1   1   1   0   1   3   3   1   0   1   2   1   0  50
20  14   3   1   4   5   5  33  11   2   1   4   2  50  13   0   3   3   4  50   5   0   1   1   4   1   3   1   0   2   0   2   1   1  43
0  0  0  1  0  8  4  0  0  2  1  0  2  2  4  2  2  0  0  1  1  0  2  0  0  0  2  0  3  2  2  0  0  0  1
17  12   2   3   4   4   5  27   9   1   2   4   1  47  15   2   2   3   0  55   9   1   1   1   0   3   1   3   1   1   1   2   2   2  47
10   8   1   2   2   8   6  20   9   1   1   2   4  32  11   1   2   2   2  46  12   1   2   1   1   1   2   3   1   2   0   2   2   0  39
11   9   2   1   3   1   3  21   8   1   2   3   0  36  12   1   3   2   0  46   9   1   1   1   1   3   1   2   0   2   0   0   0   1  39
19  14   2   1   7   5   7  37  14   2   1   7   0  60  17   1   2   5   0  64   8   1   1   1   0   1   3   1   2   0   1   2   1   0  55
16  11   1   2   5   7   6  31  12   2   0   5   0  51  16   2   2   3   0  59  10   1   2   1   0   0   3   1   0   3   2   0   1   2  51
5   6   1   0   1   8   3  13   6   3   1   1   6  20   8   1   1   1   1  15   0   0   1   0   0   1   1   3   2   2   3   2   2   1  13
14  11   2   1   3   2   3  27  11   2   1   3   0  42  12   1   2   2   0  53  12   0   1   1   0   0   1   1   1   3   1   1   2   1  45
12   9   1   0   4   7   7  24  10   3   2   3   6  41  15   2   1   2   4  47   7   0   2   1   4   1   0   3   3   0   0   2   2   0  40
13   9   1   2   6   3   6  30  14   2   2   6   0  50  16   2   2   4   1  58   9   1   1   1   0   2   1   3   0   0   3   0   2   1  50
17  11   2   1   4   2   4  32  13   2   2   5   2  56  18   1   1   3   0  67  12   1   3   1   0   0   0   2   1   0   2   0   0   0  57
14  10   1   1   6   5   6  29  11   1   0   6   5  50  16   1   2   4   5  64  12   1   2   1   0   0   0   1   0   1   2   0   2   2  55
14  10   1   1   4   3   4  28  10   1   2   4   0  46  15   3   2   2   0  50   7   0   1   1   0   3   2   1   3   1   1   2   2   2  42
12  10   1   1   6   3   5  23   9   1   2   6   5  52  21   2   1   4   0  56   8   2   1   1   0   1   0   1   3   0   3   1   2   0  48
0  0  0  2  0  8  7  0  2  1  2  0  5  0  0  0  2  0  2  0  0  0  3  0  0  2  2  2  3  0  1  0  1  1  0
12   9   0   1   5   3   6  21   8   1   2   5   0  45  16   2   3   4   0  48   6   0   3   1   0   1   2   3   3   3   1   2   1   1  41
9   8   1   2   4   6   6  31  15   3   0   4   1  51  16   1   2   3   0  55   8   0   3   1   0   3   3   1   3   1   3   2   1   1  47
5  4  2  1  0  8  5  5  2  1  0  0  8  1  0  1  3  0  0  1  3  1  2  0  0  0  0  0  2  3  2  0  1  1  1
21  14   2   1   6   4   7  31   9   1   0   5   0  56  20   2   1   3   0  64   9   1   2   1   0   0   1   0   0   3   2   1   0   2  54
12  10   1   1   3   1   3  21   8   1   1   3   0  35  12   1   1   2   0  43   9   1   3   1   0   2   1   2   3   1   3   0   0   2  37
7   6   0   3   4   6   6  18   9   1   2   4   2  49  21   2   1   3   0  59  12   1   1   1   0   3   1   3   3   0   0   2   2   1  50
15  12   2   1   4   4   5  25   9   2   3   4   0  49  17   2   3   3   0  55   8   0   3   1   0   1   1   3   0   3   2   1   1   1  47
17  12   2   2   7   0   7  36  14   2   1   6   0  62  19   2   2   5   0  75  13   1   2   2   0   1   0   3   3   3   2   2   1   1  64
19  12   2   1   3   4   3  28   8   2   0   2   6  39  10   1   1   1   5  37   3   0   2   0   1   1   0   0   0   3   3   1   0   2  31
1   3   0   1   1   8   6   6   5   2   0   1   1  13   7   1   2   1   0  13   3   0   2   0   0   0   3   0   2   0   3   0   1   0  11
12   9   1   0   6   1   6  27  12   1   1   6   1  53  19   2   1   3   0  59   9   0   1   1   0   0   0   3   1   1   1   1   2   1  51
11   8   0   1   6   0   6  29  12   1   1   6   0  50  17   1   2   4   0  62  11   0   2   2   0   1   2   1   3   3   1   2   2   1  52
15  11   1   3   6   0   6  22   8   1   1   5   0  48  18   1   3   3   0  54   8   1   2   1   0   3   1   3   2   3   0   2   1   1  46
10   8   2   2   2   8   6  23  10   2   1   2   1  40  13   1   2   1   1  35   1   0   2   0   0   0   3   3   0   1   2   0   2   1  30
15  10   1   1   4   4   5  26   9   1   1   4   0  53  19   2   1   3   0  61   9   0   3   1   0   1   1   3   3   0   0   2   2   0  52
12   9   1   1   5   3   5  27  12   2   2   5   3  51  18   2   2   4   0  60   9   2   3   1   0   1   0   2   2   1   0   2   0   2  51
8   7   1   3   4   0   4  22  10   1   1   4   0  46  17   1   2   3   0  51   7   0   2   1   0   3   1   1   1   0   3   1   1   1  44
20  13   2   3   6   2   6  35  12   2   1   6   0  65  21   3   1   3   0  70   9   1   3   1   0   1   3   3   3   0   2   2   2   0  59
10   8   1   2   3   0   3  22   9   1   1   3   0  40  14   2   2   2   1  49  10   1   1   1   0   2   0   2   0   1   3   0   0   2  41
18  12   3   1   2   8   4  26   8   1   1   2   5  43  13   2   2   1   2  38   2   0   1   0   0   3   1   2   3   0   3   2   0   0  32
18  12   3   1   4   0   4  35  12   2   1   4   0  51  14   1   2   3   0  56   8   0   1   1   0   1   0   1   0   2   2   2   1   0  47
13  10   1   1   5   3   5  29  12   2   2   4   0  54  18   2   2   3   0  66  11   1   2   1   0   2   2   2   1   2   3   1   0   0  56
24  17   3   0   4   5   5  35   9   1   3   4   5  55  17   2   3   2   6  48   0   0   3   0   6   0   0   2   0   3   0   0   1   1  41
14  10   1   3   7   4   7  33  13   2   2   6   2  52  15   1   3   4   0  60  10   1   1   1   0   0   1   2   1   3   1   0   0   2  51
16  11   2   3   3   5   3  26   8   1   1   3   4  43  13   1   2   2   0  49   8   2   2   1   0   3   1   3   1   2   2   2   1   1  41
10   7   0   0   6   4   6  29  14   2   2   5   4  58  21   3   2   4   2  61   7   1   2   1   2   1   0   3   1   1   0   1   2   2  52
11   9   1   2   4   1   4  20   9   1   3   4   0  47  18   2   2   3   0  54  10   0   1   1   0   1   1   1   1   3   2   1   1   2  46
9   7   1   0   2   7   3  14   6   1   1   2   2  40  18   2   2   2   0  47   8   1   2   1   0   3   2   1   2   2   2   2   2   0  40
14  11   3   3   3   2   3  26  10   1   1   3   0  39  11   0   3   2   0  45   8   0   1   1   1   2   3   2   0   3   0   1   1   1  38
15  12   2   3   5   7   6  30  11   2   3   4   4  56  19   2   2   3   0  62   9   0   1   1   1   3   2   2   2   3   0   2   0   1  52
19  13   3   0   5   2   5  28   9   1   3   5   0  53  18   2   2   4   0  61  10   0   1   1   0   1   1   3   2   0   1   0   1   0  52
17  12   1   1   5   2   5  27   9   1   1   5   0  49  17   2   2   4   0  58  10   0   2   1   0   0   2   1   1   2   0   0   1   0  49
24  15   2   1   6   0   7  39  12   2   1   7   0  69  23   2   1   5   0  87  17   2   2   2   0   2   2   0   0   1   3   0   0   1  74
16  12   1   1   5   1   5  31  12   2   2   6   0  60  22   2   2   4   0  71  11   1   2   1   0   3   3   3   2   3   3   1   1   1  60
11   9   1   1   5   1   4  25  11   1   2   5   0  50  18   2   2   3   0  60  11   1   2   1   0   0   3   3   3   1   1   0   2   2  51
19  13   2   0   6   3   7  36  13   2   2   5   0  62  19   2   2   4   0  62   6   0   1   1   0   1   2   1   0   1   1   2   2   2  53
13   9   2   0   2   8   6  25   9   2   0   2   4  40  12   3   2   1   0  33   0   1   1   0   0   1   2   1   1   3   2   1   2   2  28
14  10   1   2   6   1   6  23   8   1   3   5   0  44  15   1   2   3   0  52  10   0   2   1   0   1   2   3   1   0   1   2   2   1  44
12   9   1   1   6   1   6  24  10   2   2   5   2  44  15   1   1   3   0  48   7   1   3   1   0   1   0   2   3   2   3   2   0   1  41
14  10   1   1   6   0   6  27  11   1   2   7   0  55  20   1   3   6   0  64  10   0   2   2   0   1   2   1   2   2   2   1   1   0  54
8   7   1   1   2   8   6  16   7   2   2   1   8   9   0   1   3   0   2   3   0   0   1   0   0   0   0   3   3   3   1   0   2   2   3
11   9   1   1   3   1   3  22   8   1   1   4   0  43  15   1   1   3   0  50   8   1   2   1   0   0   3   1   3   0   2   0   2   0  43
15  11   2   1   4   2   4  31  13   3   1   5   0  53  17   3   2   3   0  60   9   0   2   1   0   1   1   1   2   3   3   1   1   1  51
11   9   2   1   3   7   5  25  11   1   1   3   0  44  14   1   3   2   0  51   8   1   2   1   0   2   3   1   1   2   1   0   2   1  43
11   9   0   2   7   1   7  29  14   2   1   6   0  54  20   2   3   4   0  59   8   0   3   1   0   1   2   1   2   3   1   2   2   1  50
8   7   0   0   4   1   5  21  10   2   1   3   0  38  13   1   2   2   0  53  12   2   2   1   0   0   3   1   3   3   1   0   2   2  45
4  4  1  1  1  8  6  5  2  1  1  0  8  2  1  2  1  0  6  5  5  2  2  0  6  1  0  3  1  0  0  2  1  0  4
9   8   1   1   5   2   4  24  10   2   2   5   0  60  24   3   2   4   0  65   8   0   2   1   0   1   2   1   0   2   0   1   1   0  56
19  13   1   0   6   2   6  30  10   2   1   5   0  54  18   3   2   3   0  61   8   1   1   1   0   1   1   1   2   3   1   2   2   2  52
19  13   2   1   5   1   6  30   9   1   1   5   0  51  16   1   2   3   0  61  12   2   2   1   0   2   3   1   2   1   1   1   0   2  52
13   9   1   2   3   7   5  16   5   2   1   1   8  10   0   1   3   0   8   6   0   0   1   0   5   2   0   1   0   3   1   0   2   1   5
13   9   1   1   5   5   5  25  10   1   1   5   1  52  20   2   1   3   0  60   9   0   1   1   0   0   1   1   1   1   3   0   1   2  51
16  11   2   1   3   5   4  28  10   2   1   3   0  48  15   2   2   2   0  49   6   1   2   1   0   1   2   1   0   3   3   2   2   2  42
12   9   1   1   5   7   7  24  10   1   1   4   5  47  18   2   2   3   4  53   8   0   1   1   1   1   1   1   0   3   1   1   2   1  45
0  0  1  1  0  8  3  0  0  1  1  0  1  0  0  1  1  0  0  4  5  0  2  0  0  3  3  1  1  0  0  1  2  1  3
15  10   1   1   6   0   6  34  13   2   1   7   0  62  20   2   3   6   0  72  11   0   1   2   0   1   2   1   0   3   3   2   0   2  61
14  11   3   3   3   2   3  23   8   1   2   3   1  39  12   1   2   2   0  32   0   1   2   0   0   3   2   3   1   0   0   1   2   1  27
12  10   2   2   3   5   3  20   7   1   2   2   6  34  12   2   3   1   3  30   2   0   3   0   0   1   0   3   2   2   3   2   2   0  26
9   8   1   0   2   8   5  17   7   2   0   2   2  30  11   1   2   1   0  24   0   1   2   0   0   0   2   0   2   1   3   0   1   1  21
9  8  1  3  2  8  6  8  2  2  3  0  8  2  0  2  3  0  4  0  0  1  3  0  1  3  0  3  2  3  3  2  2  1  0
14  10   1   1   4   0   4  28  10   2   3   4   0  52  17   2   1   2   0  61  11   0   1   1   0   0   1   3   3   0   0   0   2   0  52
9   8   1   1   3   7   4  21   9   1   1   3   2  38  14   2   2   2   2  46   8   1   3   1   0   0   1   1   0   2   3   0   2   0  39
17  12   2   2   7   0   7  31  12   2   1   7   0  69  26   3   1   5   0  82  13   1   2   2   0   2   2   1   0   1   3   0   2   2  70
14  10   1   3   4   4   4  34  14   3   1   3   6  55  16   2   1   3   3  65  11   1   2   1   1   3   0   1   2   1   0   1   2   2  55
13  10   1   0   5   1   5  29  12   3   2   4   3  53  18   2   1   2   0  43   0   0   2   0   0   1   0   1   1   2   0   2   2   1  36
23  15   3   1   5   5   6  34   9   1   1   4   4  42   9   1   1   1   7  43   6   0   1   0   8   0   0   2   0   2   0   0   0   0  36
13   9   1   1   5   7   6  31  13   2   0   5   6  48  14   1   2   3   2  58  11   1   1   1   0   0   0   0   1   3   2   0   0   2  49
7   6   1   1   1   8   5  12   5   1   1   1   2  25  11   2   2   1   0  23   2   1   3   0   0   1   3   2   1   3   3   1   0   2  20
12  10   2   1   4   7   6  24  10   2   2   4   0  43  15   0   1   3   0  52   9   0   1   1   0   0   2   1   3   0   1   0   2   1  44
10   8   1   1   4   3   4  24  11   2   2   4   0  43  15   2   2   3   0  54  11   1   1   1   0   2   3   2   0   2   0   1   0   1  46
14  10   2   3   4   7   6  27  10   2   2   3   5  34   8   0   1   1   7  34   4   1   2   0   1   3   1   3   0   0   2   1   2   0  29
15  10   1   3   6   1   6  33  12   2   2   5   0  50  13   0   3   4   0  65  14   1   1   1   0   3   3   1   2   2   1   2   2   1  55
11   9   1   1   4   6   6  28  13   2   1   4   3  50  17   3   1   3   0  61  11   1   3   1   0   3   2   1   1   3   0   1   2   2  52
15  11   1   1   6   3   7  30  11   2   1   6   0  57  20   1   1   4   0  73  14   1   2   2   0   0   1   3   3   2   0   0   2   1  62
16  11   3   3   3   6   4  28   9   2   2   2   6  38  11   2   2   1   1  36   4   0   1   0   0   3   0   3   3   2   1   1   2   0  30
18  12   2   1   4   7   6  34  12   2   1   3   6  54  15   1   2   2   2  57   7   0   3   1   0   1   0   0   3   1   3   1   1   2  48
15  11   2   1   6   1   6  29  12   1   1   6   0  51  17   1   3   5   0  62  10   0   3   2   1   2   1   3   1   2   0   0   2   0  53
24  16   3   1   6   4   6  37  11   2   2   3   7  52  13   1   2   2   2  62  11   2   3   1   0   3   0   2   2   3   3   1   0   2  53
10   9   1   3   6   5   7  27  12   2   2   6   2  47  15   1   2   3   5  54   9   1   3   1   2   3   2   3   0   2   2   0   2   1  46
7   7   2   1   1   8   4   3   0   1   0   0   8  12   7   2   2   0   4   5   0   1   3   0   1   3   0   0   2   0   0   1   0   1   4
16  11   2   1   4   0   4  25   8   2   1   3   0  43  14   2   2   2   2  48   8   0   2   1   1   0   1   3   0   3   2   0   1   2  41
12   9   1   3   7   0   7  31  14   2   1   7   0  52  16   1   1   5   0  60   9   0   1   1   0   2   3   3   1   1   1   0   2   2  51
12   9   1   1   2   6   3  16   6   2   3   1   2  33  13   2   1   1   0  24   0   1   3   0   0   3   2   2   3   0   2   1   1   0  21
2  3  0  1  1  8  4  2  2  0  2  1  6  0  0  1  2  0  8  0  2  1  2  0  5  3  2  3  0  1  3  1  2  1  0
25  16   3   1   5   3   6  41  14   2   0   5   0  63  16   1   1   3   0  67   9   0   2   1   0   2   1   0   1   0   3   0   0   0  57
10   8   0   1   7   4   6  26  12   2   1   7   0  55  20   1   2   5   0  73  15   2   2   2   0   1   2   1   1   1   2   2   1   2  62
11   8   1   3   6   2   6  29  12   2   2   6   0  62  23   2   2   5   0  61   5   0   2   1   0   2   1   3   2   1   1   0   2   2  52
7   7   1   1   3   7   6  22  10   1   0   3   3  41  15   1   1   2   0  41   5   0   2   1   0   2   1   0   3   0   2   0   0   0  35
7   7   0   3   4   2   4  22  11   2   1   3   0  41  14   1   1   2   0  33   0   0   1   0   0   2   1   3   0   2   0   0   2   0  28
11   9   1   1   4   1   4  23  10   1   1   4   0  46  17   2   1   3   0  58  12   2   1   1   0   3   2   0   3   0   0   2   0   1  50
16  11   1   0   6   4   6  26   8   1   3   5   4  52  18   1   1   4   0  61  10   2   2   1   0   0   0   1   1   3   1   0   0   1  52
15  11   2   1   5   0   6  29  11   2   2   5   0  44  13   0   3   4   0  46   5   0   1   1   0   3   2   3   2   3   2   0   2   1  39
14  10   2   3   4   4   4  28  12   2   1   4   4  61  23   3   1   3   1  68   9   0   2   1   0   3   0   3   3   0   2   2   2   0  58
23  15   3   0   5   6   6  37  12   1   1   5   6  58  17   2   2   3   6  68  11   1   1   1   2   1   0   0   0   2   2   2   0   1  58
14  10   1   2   5   0   5  23   8   1   2   5   0  53  21   2   2   4   0  54   6   0   1   1   0   0   0   1   1   3   2   0   0   1  46
11   8   1   1   4   6   5  24  10   1   0   4   4  45  15   1   2   3   0  53  10   1   1   1   0   0   2   1   1   2   3   0   2   0  45
11   9   2   2   3   3   4  20   8   1   1   2   0  24   6   1   1   1   0  18   0   0   1   0   1   3   2   2   1   2   0   1   0   0  16
16  12   2   2   6   2   6  31  12   2   1   6   0  61  22   2   1   4   0  67  10   0   1   1   0   0   3   1   0   3   1   0   0   1  57
15  10   1   2   5   3   4  34  14   2   1   6   0  56  18   1   1   4   0  65  10   1   1   1   0   0   2   3   0   3   3   0   2   1  55
8   7   1   1   3   8   5  16   7   1   2   3   4  41  17   2   1   2   0  47   9   0   1   1   0   0   1   0   3   1   0   0   1   2  40
23  15   3   1   6   3   6  42  14   2   1   6   4  64  17   2   1   4   1  67   7   1   2   1   0   1   0   2   1   2   1   1   0   0  57
14  10   1   1   6   5   6  32  14   2   1   5   5  61  20   3   2   4   0  64   7   1   3   1   0   3   1   0   1   1   2   0   0   2  54
16  12   1   0   5   0   4  30  11   1   1   5   0  53  17   2   2   3   0  60   9   0   2   1   0   0   0   0   3   3   2   1   0   2  51
14  11   2   1   5   4   5  30  12   2   1   4   0  55  20   2   2   3   0  59   9   0   3   1   0   0   1   0   3   3   3   1   0   2  50
21  14   2   0   7   1   7  34  11   2   2   6   0  63  22   2   2   4   0  64   6   0   1   1   0   1   3   2   2   1   0   1   0   1  54
14  11   1   1   7   4   7  26  10   1   1   7   2  46  15   0   1   5   0  58  12   1   1   2   0   3   3   2   2   2   3   2   1   0  49
14  11   1   1   6   1   6  25   9   1   1   5   0  48  17   2   3   3   0  51   7   0   2   1   0   1   3   3   2   3   3   1   1   2  43
15  11   2   1   4   6   5  28  10   1   1   5   0  47  15   1   3   4   0  59  11   0   1   1   0   1   3   2   2   3   3   2   0   1  50
15  11   2   3   5   4   6  30  12   2   1   4   4  49  15   1   1   3   0  62  13   2   1   1   0   2   0   0   2   2   1   0   0   1  52
0  0  0  1  0  8  4  3  3  2  1  0  3  0  0  2  1  0  0  0  1  0  3  0  0  1  2  1  2  1  2  2  2  2  0
9  8  1  1  5  5  6 10  3  1  2  1  8  5  0  1  2  0  6  1  0  2  1  0  2  3  0  2  1  2  2  1  0  0  1
16  12   2   0   5   2   5  31  11   1   2   5   5  57  19   2   1   3   0  62   7   1   2   1   0   3   0   1   3   0   1   1   2   0  53
17  12   1   0   6   2   6  35  13   2   1   5   0  58  18   1   2   4   0  66  10   0   2   1   0   1   2   3   2   2   0   2   1   0  56
10   8   0   1   6   5   6  26  12   2   3   5   3  58  23   3   1   3   0  69  11   1   1   1   0   3   3   2   3   1   1   2   0   2  59
11   9   1   3   3   7   4  21   8   1   1   3   1  35  12   0   2   2   0  38   7   1   2   1   0   2   3   0   1   3   3   0   0   2  32
17  12   2   1   5   5   5  33  12   2   2   5   0  57  18   1   2   4   0  63   9   0   2   1   0   1   1   1   2   2   0   1   2   0  54
12  10   1   1   5   6   5  32  14   2   1   5   3  54  18   2   2   3   0  60   9   0   3   1   0   3   2   1   3   0   2   0   2   1  51
0  2  0  1  0  8  4  1  2  1  1  0  7  0  0  1  1  0  0  0  0  1  2  0  0  1  0  0  3  0  1  1  0  1  0
13  10   2   1   2   7   3  23   8   2   3   2   4  33   9   1   2   1   1  28   0   1   3   0   0   3   2   3   2   0   0   2   2   0  24
14  10   1   1   7   4   7  35  14   2   1   7   3  64  21   2   2   5   0  84  16   2   1   2   0   0   0   2   3   1   0   0   0   1  72
17  13   2   2   7   2   6  29   9   1   1   6   0  54  18   1   3   4   0  59   9   0   1   1   0   3   3   1   0   3   0   0   2   1  50
18  12   2   0   5   2   5  35  13   2   1   5   3  61  19   2   2   3   6  65   8   2   2   1   4   1   0   2   0   3   1   2   1   1  56
17  12   2   1   4   2   3  29  10   2   1   3   2  46  15   2   3   2   1  51   8   1   3   1   0   1   0   1   1   2   3   2   1   0  44
6   6   0   1   3   3   3  13   8   1   1   3   1  27  12   1   2   2   3  29   6   0   3   1   6   0   0   3   0   2   0   0   2   0  25
15  10   1   1   5   6   6  30  12   1   0   5   0  55  18   2   3   4   0  56   7   1   1   1   0   2   3   0   2   3   0   0   0   2  48
11   9   2   3   4   4   4  19   7   1   2   4   0  45  18   2   1   3   0  58  12   1   1   1   0   3   2   2   1   0   0   2   0   0  49
16  12   2   2   4   0   4  27   9   1   2   4   0  50  17   0   1   3   0  64  13   2   1   1   0   2   2   2   0   0   2   1   0   0  54
20  14   3   3   5   6   6  34  12   2   0   5   5  50  14   0   2   3   6  56   8   1   1   1   3   3   3   1   0   3   3   2   2   1  48
10   7   3   1   1   8   5  16   6   2   2   1   1  32  12   2   2   1   4  29   2   0   2   0   0   0   3   2   0   0   3   0   0   0  25
12  10   2   2   4   4   4  17   6   1   3   2   7  10   0   1   3   0   8  13   4   0   2   0   5   3   0   2   0   2   2   2   1   1  11
21  14   2   1   6   1   6  34  10   1   2   6   0  55  16   2   3   3   0  64  11   1   2   1   0   1   2   1   2   3   2   2   0   2  54
6   6   1   1   2   6   3  15   7   1   2   2   0  20   6   1   2   1   0  15   0   1   1   0   0   0   3   3   3   3   1   0   1   2  13
14  11   1   1   6   2   6  28  11   1   1   6   0  53  18   2   1   4   0  53   6   0   2   1   0   1   3   1   0   3   2   2   2   1  45
9   7   1   1   2   8   4  18   8   1   1   2   3  24   7   2   3   1   0  18   0   2   3   0   0   2   3   1   2   3   1   1   2   2  15
9   7   1   3   4   7   5  21  10   2   2   4   5  28   8   1   1   1   7  23   0   0   2   0   2   0   0   3   0   0   2   0   2   0  19
14  10   1   0   7   1   6  34  15   2   1   7   0  56  17   1   2   5   0  68  12   1   3   1   0   0   2   1   1   1   1   0   1   1  58
8   7   1   1   3   0   3  24  11   2   2   3   0  40  13   1   1   2   0  47   9   1   2   1   0   1   3   3   0   1   1   2   2   2  40
20  13   2   1   3   5   3  23   5   2   2   1   8  17   0   3   3   0   7  11   0   0   1   0   8   2   0   2   1   2   0   0   0   0   9
18  12   2   0   4   2   4  28   9   2   1   4   0  59  22   3   2   3   0  63   8   0   2   1   0   1   3   1   3   1   2   2   2   1  54
15  11   2   2   4   4   4  28  10   1   2   4   0  57  20   2   1   3   0  63   9   1   2   1   0   1   1   1   1   1   0   1   2   1  53
11   9   1   1   5   3   5  27  11   1   1   5   0  47  15   0   1   3   0  54   9   1   3   1   0   0   1   2   2   0   2   0   1   0  46
17  12   2   1   7   4   6  28   9   1   0   7   0  54  19   2   1   5   0  65  11   1   1   1   0   3   2   1   3   1   2   0   1   1  56
14  10   1   1   5   5   5  31  12   2   1   4   5  49  16   1   1   3   1  53   8   0   1   1   2   1   0   0   2   1   0   0   1   2  45
13   9   2   2   3   6   4  14   3   1   1   1   8  28  11   2   2   1   3  21   0   0   1   0   0   3   0   0   1   3   3   1   1   2  18
7   6   0   2   4   5   4  23  11   2   1   4   1  47  17   2   1   3   5  52   8   0   2   1   4   2   3   3   0   1   0   0   2   2  44
16  12   3   2   4   7   6  29  10   2   2   5   3  47  15   1   2   3   0  59  11   1   1   1   0   1   3   1   3   3   2   2   1   1  50
5   6   1   0   2   0   3  15   8   1   2   2   0  21   6   2   2   1   0  15   0   2   1   0   0   1   3   0   3   3   2   2   1   2  13
18  12   2   1   5   3   6  28   9   1   1   5   0  47  16   1   3   3   0  50   6   0   3   1   0   2   3   3   0   3   0   0   1   2  43
16  11   2   1   3   3   4  26   8   1   2   2   0  45  15   1   3   2   0  46   6   0   3   1   0   1   2   3   3   3   3   1   1   2  39
13  10   0   1   5   3   5  31  14   3   2   6   0  53  17   2   2   4   0  60   9   0   3   1   0   2   2   1   1   2   3   0   2   1  51
17  12   3   1   4   4   4  29   9   2   2   4   3  46  15   0   2   3   0  49   7   1   2   1   0   2   1   0   3   3   2   0   0   2  42
14  10   1   1   5   3   6  34  14   2   0   5   0  64  21   2   1   3   0  73  11   1   2   1   0   0   2   1   1   0   3   1   2   0  62
16  12   2   3   7   0   7  26   9   1   3   6   0  46  16   1   1   4   0  47   6   0   2   1   0   3   2   3   3   1   1   2   1   2  40
6   6   0   1   2   7   3  14   7   2   2   2   4  33  14   1   1   2   3  46  11   0   2   1   0   1   1   3   2   1   1   2   2   2  39
13   9   2   2   4   4   4  24  10   1   1   4   1  40  13   1   3   3   2  53  11   0   1   1   0   3   1   1   0   3   3   2   1   2  45
12   9   1   2   7   1   7  27  11   2   2   6   0  53  19   2   2   4   0  59   9   1   2   1   0   1   3   2   2   2   0   1   1   1  50
13   9   1   1   6   3   6  24  10   1   3   6   0  51  20   2   2   5   0  64  12   0   1   2   0   1   2   1   2   1   0   1   2   2  55
11   9   1   1   5   0   6  23   9   1   3   6   0  49  18   1   2   4   0  60  11   1   2   1   0   3   3   3   2   2   3   2   1   1  51
8   7   2   3   1   8   4  15   6   1   1   1   3  15   4   0   1   0   0  13   2   1   2   0   0   3   3   1   2   0   3   0   2   1  11
5   6   0   1   6   1   6  21  12   1   1   7   3  48  19   2   1   5   0  59  13   1   1   2   0   2   0   0   2   1   1   0   0   1  50
11   9   1   2   5   5   6  16   5   2   1   1   8  31  12   1   2   1   3  31   5   0   1   0   2   3   0   3   1   0   0   2   1   1  27
11   9   1   1   4   7   7  24  10   2   1   4   4  49  18   2   2   3   0  54   9   0   3   1   0   1   1   1   1   3   2   2   2   1  46
15  10   2   1   4   7   6  29  11   2   3   3   7  53  18   2   2   2   3  60   9   0   2   1   0   3   0   3   3   1   3   0   2   1  51
12   9   1   1   5   1   5  28  12   2   1   6   0  56  20   1   2   5   0  68  12   1   2   2   0   3   3   3   3   1   2   2   1   1  58
7   7   1   3   4   2   4  17   9   1   0   3   0  37  15   2   1   2   0  52  13   2   2   1   0   3   2   0   1   3   0   1   0   1  44
21  14   2   0   6   3   6  35  11   3   3   5   0  49  12   0   3   3   0  57   9   1   3   1   0   1   2   3   0   3   0   2   1   2  48
10   8   0   1   4   2   4  21   9   1   3   4   0  51  21   3   1   3   0  57   9   0   2   1   0   0   3   3   1   3   3   0   1   1  49
5   6   0   3   4   4   4  21  12   2   1   4   0  45  17   2   2   3   0  54  11   2   2   1   0   3   3   1   2   0   0   1   2   1  46
15  10   2   0   2   7   3  23   8   2   2   2   7  39  13   1   2   2   1  39   6   0   3   1   0   0   0   0   3   2   3   0   0   0  33
25  17   3   1   6   1   6  38  11   2   1   6   0  59  16   0   1   3   0  66  10   1   1   1   0   2   3   3   3   1   1   0   2   2  56
14  10   1   2   5   3   5  30  11   2   1   4   0  53  17   2   2   3   0  58   8   0   1   1   0   2   3   0   2   3   0   0   0   2  49
18  13   2   1   5   0   5  34  12   1   1   6   0  62  20   1   1   5   0  73  13   1   3   2   0   0   2   2   3   3   2   0   1   1  62
8   7   0   1   7   0   7  22  11   2   2   7   0  48  18   2   1   4   0  55   9   1   1   1   0   1   3   0   1   2   2   1   0   0  47
15  11   2   1   6   5   7  30  11   2   2   6   4  51  17   1   2   5   2  65  14   2   2   2   0   0   0   0   1   1   2   0   0   2  55
9   7   1   2   3   2   3  18   8   2   1   2   0  39  16   1   1   2   0  51  12   1   3   1   0   3   3   2   3   0   1   2   0   0  43
20  13   2   1   6   4   7  32  10   1   1   6   5  47  14   1   2   3   0  53   8   1   1   1   0   1   0   3   3   2   2   1   1   0  45
16  11   2   3   6   1   6  32  12   2   1   6   2  59  19   2   3   4   0  67   9   0   2   1   0   2   0   0   1   3   3   0   0   2  57
10   8   1   2   6   0   6  26  12   1   1   5   0  53  18   1   1   4   0  69  14   1   3   2   1   1   0   3   2   3   0   2   2   2  59
10   8   0   3   4   1   4  24  10   2   2   5   0  46  16   1   2   4   0  48   6   0   3   1   0   2   2   0   3   2   3   0   1   1  40
14  10   1   0   3   7   6  24   8   1   3   3   1  49  19   2   2   3   0  56   9   0   2   1   0   1   2   3   3   3   0   2   2   2  48
13   9   1   1   6   6   7  30  13   2   3   5   2  55  18   1   2   3   0  57   6   0   1   1   1   1   2   3   1   3   0   1   2   2  48
13   9   2   1   2   8   4  21   8   2   1   2   5  35  11   2   2   1   2  32   2   0   1   0   0   1   2   1   3   0   1   2   2   1  27
14  11   2   1   7   5   6  29  11   1   3   7   1  58  20   2   3   4   4  57   5   1   2   1   0   3   3   3   0   0   1   2   1   0  48
14  10   2   1   3   4   3  20   7   1   2   3   0  39  14   2   2   2   0  42   6   0   3   1   0   1   3   1   0   3   2   1   2   1  35
18  12   3   1   6   4   6  34  11   1   1   5   0  55  16   2   2   3   0  62   9   1   3   1   0   0   2   3   1   0   0   1   2   1  53
19  12   3   1   5   6   6  34  11   1   2   5   1  57  17   0   1   3   0  62   9   2   3   1   0   3   3   3   1   1   3   1   2   2  52
14  10   1   1   5   1   5  28  11   2   2   4   0  45  14   2   2   2   0  58  11   1   2   1   0   0   0   0   1   3   0   0   0   2  49
4   5   0   1   3   7   5   9   6   2   3   2   3  27  13   1   1   2   1  38  10   2   2   1   1   1   1   3   1   0   0   1   1   0  32
14  10   1   1   6   0   6  24   9   1   1   6   0  48  17   1   2   4   0  64  14   1   1   2   0   2   3   3   2   3   0   0   2   2  54
0  2  0  1  0  8  7  0  0  2  3  0  8  7  6  3  1  0  8  8  3  0  2  0  5  2  0  2  0  3  1  0  0  1  7
19  13   2   1   5   4   6  36  13   2   0   5   2  57  18   2   2   3   0  70  12   2   2   1   0   3   1   1   2   1   2   2   2   1  59
5   5   0   1   3   0   4  17   8   1   1   3   0  39  16   2   2   3   0  47   9   0   2   1   0   2   0   2   3   0   2   0   1   0  40
16  11   2   1   5   0   5  31  11   1   1   5   0  52  16   2   2   3   0  54   6   0   2   1   0   3   0   3   1   2   1   2   0   1  46
16  11   1   2   6   1   6  33  14   2   1   6   3  64  22   2   1   4   1  71  10   1   2   1   0   1   0   1   1   2   1   2   1   0  61
9   8   1   3   5   3   5  25  12   2   0   5   1  47  16   1   1   4   0  54   9   1   3   1   1   2   1   1   1   3   0   0   2   2  46
11   9   1   1   5   6   6  22   9   1   0   4   0  45  16   2   2   3   0  50   8   0   2   1   0   1   3   1   0   2   0   2   2   0  43
9   7   1   2   3   3   3  15   6   1   1   2   0  27   9   2   1   1   0  30   5   0   2   0   0   3   3   1   1   1   1   1   2   2  26
25  16   3   1   5   0   4  38  11   1   1   4   0  60  18   2   1   3   0  66   9   1   2   1   0   2   3   1   3   2   1   0   2   0  56
13   9   1   1   3   1   3  25   9   2   2   3   0  42  13   1   1   2   0  58  14   2   2   1   0   3   2   2   2   1   3   0   1   2  50
15  11   1   2   6   1   6  33  13   2   0   6   1  56  18   1   2   4   0  61   8   0   2   1   0   0   0   1   2   1   1   0   2   2  51
11   9   1   1   7   4   6  22   8   1   1   6   0  51  21   1   1   4   0  53   6   1   3   1   0   2   3   0   1   0   1   0   0   1  45
15  10   2   2   4   6   5  29  10   2   1   3   5  52  17   2   2   2   3  52   5   1   3   1   1   3   1   3   1   2   1   2   1   1  44
16  11   1   1   7   0   6  25   8   1   1   6   0  50  18   1   2   4   0  55   8   0   2   1   0   3   3   0   0   2   2   1   1   0  47
22  14   3   0   3   2   3  39  13   2   1   4   0  70  22   3   2   3   0  73   7   0   2   1   0   1   3   1   1   1   2   2   2   2  62
15  10   2   3   6   1   6  27  10   1   1   5   0  54  20   1   2   4   0  62  10   0   2   1   0   3   1   1   0   3   3   2   2   1  53
10   8   2   3   3   8   6  23  10   1   1   3   3  40  13   1   1   2   0  42   6   1   3   1   0   2   3   1   1   2   2   0   2   1  36
10   8   1   1   3   6   4  21   9   1   3   3   0  35  12   2   3   2   0  45  10   1   2   1   1   1   2   3   1   3   0   2   2   2  38
9   8   1   1   4   7   5  25  12   2   1   4   5  52  19   2   3   3   0  64  11   1   1   1   0   1   3   0   2   3   1   2   1   2  55
13   9   1   1   4   7   7  26  11   2   1   4   2  45  16   1   2   3   0  55  10   1   3   1   0   2   1   1   1   1   0   0   1   1  47
17  12   2   0   4   3   5  28  10   2   1   4   0  49  16   2   3   3   0  56   9   0   2   1   0   1   2   1   2   1   3   2   2   2  48
10   8   1   0   3   5   3  15   6   1   3   2   4  27  10   1   1   1   0  34   9   0   1   1   0   0   0   3   3   1   2   0   2   1  29
17  12   2   1   4   1   4  27   9   1   2   4   0  43  14   1   1   3   0  48   7   0   2   1   0   1   1   0   3   1   2   2   1   2  41
15  11   2   2   6   0   6  30  11   2   1   6   0  52  18   1   2   4   0  57   8   0   3   1   0   3   2   1   1   3   2   2   2   1  49
11   9   1   1   3   5   3  18   7   1   1   3   0  34  13   1   3   2   0  45  10   1   1   1   0   0   3   2   1   3   1   1   0   2  38
9   8   2   1   3   7   5  24  11   3   1   3   3  44  16   2   2   2   0  47   7   1   3   1   0   0   1   0   3   3   3   1   0   2  40
11   8   0   1   6   3   6  26  11   1   0   7   0  52  20   2   2   4   0  58   9   0   2   1   0   1   2   1   2   1   1   1   2   1  49
13  10   1   1   5   5   5  28  11   2   1   4   1  47  16   1   1   2   0  52   8   1   1   1   0   0   1   1   1   3   0   0   1   2  44
12   9   1   1   5   2   5  25  10   1   2   5   0  49  19   3   2   4   0  59  10   0   3   1   0   3   2   2   0   3   1   2   1   1  51
16  12   2   2   6   3   6  29  11   1   1   5   0  46  14   1   3   4   0  55   9   1   1   1   0   3   2   2   0   2   3   1   0   0  47
13   9   1   3   7   1   7  36  16   3   1   7   0  57  17   1   3   5   0  69  13   1   3   2   0   1   3   3   2   0   1   2   1   0  58
18  13   2   2   7   3   6  33  11   2   3   7   0  61  20   2   1   5   0  72  11   0   1   2   0   2   2   3   1   3   3   0   2   2  61
11   9   1   0   3   1   4  19   6   1   2   2   0  36  14   1   3   2   0  29   0   1   1   0   0   1   0   1   0   2   3   2   2   1  25
11   9   1   1   3   2   3  21   8   1   2   3   3  35  13   1   3   2   0  45  10   0   2   1   0   3   0   0   2   3   2   1   0   1  38
17  12   1   1   6   4   6  30  11   1   1   6   0  56  19   1   2   4   0  60   8   0   3   1   0   1   1   0   0   3   1   2   0   2  51
11  10   1   1   7   5   7  23  10   1   0   7   2  45  16   1   1   4   1  54  10   1   2   1   0   3   2   1   0   2   1   1   1   0  46
5  6  1  1  1  8  4  1  0  1  0  0  8  0  0  2  2  0  0  0  0  2  2  0  0  3  0  0  3  3  2  2  1  1  0
9   8   0   2   6   0   6  23  10   1   1   5   0  46  17   2   1   3   0  52   9   0   2   1   0   1   2   2   1   1   0   2   0   2  44
21  13   2   0   4   4   4  37  12   2   1   4   0  56  15   1   1   3   0  63  10   0   2   1   0   1   3   3   2   1   1   2   1   1  53
10   8   1   1   2   7   4  16   7   2   1   2   2  21   6   1   2   1   0  22   3   0   1   0   0   1   3   1   3   3   0   1   1   2  19
16  11   1   3   6   4   6  30  11   1   1   6   0  49  16   1   2   4   0  58  10   2   1   1   0   0   3   3   3   2   0   0   2   0  49
11   9   1   2   4   0   4  23  10   1   0   4   0  44  17   1   2   3   0  55  11   1   1   1   0   1   0   1   0   2   2   2   2   0  47
10   8   1   1   2   8   6  18   7   2   1   2   7  29  10   1   2   1   7  23   0   1   2   0   2   1   0   0   0   2   3   1   1   0  19
5   5   2   1   1   8   5   9   4   1   1   1   0  24  11   1   1   1   0  33   8   0   2   1   1   1   3   0   3   3   0   1   1   2  28
17  11   1   1   5   5   5  28   9   2   2   2   8  37   9   1   1   1   8  29   0   0   2   0   5   3   0   2   0   3   2   2   0   2  24
9   7   0   1   3   3   3  20   9   1   1   3   1  39  15   2   2   2   2  39   6   0   1   1   3   3   2   1   0   2   0   1   1   1  33
15  11   1   1   5   6   6  27  10   1   1   3   7  45  14   2   2   2   4  54   9   1   2   1   0   0   0   0   0   2   2   0   0   1  46
10   8   1   3   4   6   5  21  10   1   1   4   4  50  20   3   1   3   0  60  10   0   2   1   0   2   1   1   1   1   0   0   2   2  51
7   7   0   1   4   0   4  26  13   3   3   4   0  49  17   2   2   3   0  57   9   0   2   1   0   0   1   3   2   3   3   0   2   2  48
11   8   1   3   4   3   5  24  11   2   1   4   0  50  19   2   1   3   0  62  11   0   1   1   0   3   3   0   2   3   1   1   0   2  53
14  10   2   2   4   1   4  29  11   1   2   5   3  53  18   2   1   3   0  59   9   0   2   1   0   2   0   2   3   3   1   1   0   2  50
6   6   0   3   7   2   6  21  11   2   1   6   0  39  14   1   2   4   0  45   8   0   3   1   0   3   2   0   2   2   2   2   0   0  38
17  12   2   1   7   1   7  36  13   2   2   7   0  62  21   1   2   5   0  67   8   0   2   1   0   3   2   1   2   1   1   2   2   2  57
17  12   2   1   5   7   7  25   8   0   1   5   3  47  17   2   3   3   0  50   7   2   3   1   0   0   1   0   1   3   3   0   0   2  42
20  14   2   1   6   4   6  37  12   1   1   6   0  61  18   1   1   4   0  68   9   0   3   1   0   2   3   2   3   3   2   0   0   2  58
16  12   2   2   6   5   6  36  14   2   2   6   0  70  24   2   1   5   0  76   9   0   1   1   0   1   1   3   1   1   2   1   2   1  65
19  13   2   1   4   5   5  34  11   2   2   4   2  53  15   2   3   3   0  61   9   1   2   1   0   3   3   2   1   3   3   1   1   1  52
21  15   3   1   5   0   5  33  11   2   2   5   0  57  18   2   2   3   0  60   8   1   3   1   0   0   1   2   3   0   3   1   1   0  51
15  10   2   1   4   0   5  21   6   0   3   4   0  42  15   1   3   2   0  55  12   1   2   1   0   0   0   2   2   3   0   0   1   1  47
10   8   0   1   4   3   4  22  10   1   1   4   1  43  16   2   3   3   4  50   8   0   3   1   1   3   1   2   0   3   3   1   1   2  43
12   9   1   3   6   2   5  29  13   2   0   6   0  54  19   2   2   5   0  62  10   0   3   2   0   3   1   0   2   3   3   2   0   2  52
17  11   2   1   6   4   6  27   9   1   1   6   3  55  20   2   2   4   0  63   9   0   1   1   0   0   0   3   2   0   2   0   2   0  53
22  15   3   2   6   4   5  32   9   1   2   6   0  53  16   1   3   5   0  68  13   1   3   2   0   0   3   2   3   3   2   0   0   2  57
18  12   2   1   6   0   6  35  13   2   2   5   0  57  17   1   2   3   0  59   6   0   1   1   0   0   0   1   0   1   1   0   2   2  50
21  14   2   1   6   4   6  29   7   0   3   5   4  49  15   1   3   4   0  57   9   0   2   1   0   1   0   3   3   3   2   2   2   2  49
12   9   0   2   6   3   6  31  14   2   1   6   0  61  21   2   1   4   0  69  10   1   2   1   0   1   1   1   2   3   1   1   2   2  58
13  10   1   1   6   2   6  23   9   1   0   5   0  44  16   1   3   3   0  52  10   0   3   1   0   3   2   3   2   3   3   2   1   2  44
19  13   2   1   5   6   6  28   8   1   2   3   7  47  16   2   1   2   5  53   8   0   2   1   2   1   0   1   2   1   1   2   2   2  45
13  10   1   1   4   6   6  23   9   1   1   4   2  50  19   2   2   3   0  54   8   2   1   1   0   3   2   3   3   3   2   2   2   2  46
15  11   1   1   4   3   4  22   7   0   2   4   0  43  15   2   1   3   0  46   7   1   1   1   0   1   2   0   1   0   2   2   0   1  39
11   9   1   1   4   3   4  24  10   2   1   3   0  34  10   1   3   2   0  50  13   2   1   1   0   0   2   3   0   3   2   0   2   2  42
16  12   2   1   4   1   4  26   8   0   2   4   3  44  14   1   3   3   0  54  10   1   3   1   0   3   0   1   3   2   1   1   2   1  46
7   7   0   0   3   6   3  11   5   0   3   2   7  26  11   0   2   1   8  19   0   0   1   0   4   0   0   2   0   1   3   0   0   2  16
10   8   1   1   3   7   4  17   7   1   2   2   3  30  11   2   2   1   0  23   0   1   1   0   0   0   2   0   3   2   0   0   1   0  20
18  12   2   1   3   1   3  30  10   1   2   3   0  43  11   0   3   2   0  57  12   1   1   1   0   0   1   3   0   2   0   1   2   0  48
16  12   2   0   4   4   5  29  10   1   0   5   0  55  20   2   2   4   0  61  10   1   1   1   0   0   2   1   1   0   2   0   1   0  52
11   8   1   0   2   7   3  20   8   2   1   2   2  30   9   1   3   1   0  30   4   0   2   0   0   1   1   2   3   2   1   1   0   1  25
7   6   0   3   3   4   3  13   7   2   1   2   6  29  12   1   2   2   0  32   7   1   1   1   0   2   0   0   3   0   0   0   0   1  27
12   9   1   1   6   0   5  26  11   2   1   6   0  53  20   1   2   4   0  53   6   1   1   1   0   0   1   1   0   3   2   0   2   2  45
21  14   3   1   4   2   4  34  11   2   2   4   5  56  18   3   2   3   0  59   6   0   2   1   0   3   0   1   3   2   3   2   2   0  50
15  11   1   2   7   1   6  28  10   1   1   7   0  61  23   2   1   5   0  77  15   1   1   2   0   1   0   2   2   3   3   2   1   2  65
8   6   1   2   2   8   4  16   7   1   2   2   1  41  18   3   1   2   0  48   8   0   2   1   0   2   3   1   3   1   3   0   1   1  41
8   7   0   2   5   6   6  25  12   2   1   5   2  46  16   1   1   3   0  56  11   1   3   1   0   1   3   2   1   0   3   2   0   0  48
4   5   1   1   1   8   6  10   6   2   2   1   2  26  11   2   2   1   0  18   0   0   2   0   0   2   3   0   1   2   2   0   0   1  15
16  11   2   1   3   6   4  31  11   2   0   3   1  51  15   2   2   2   0  58  10   1   2   1   1   1   3   1   2   2   0   2   1   0  50
12   9   1   1   6   4   7  29  13   2   1   6   0  57  21   2   2   4   0  69  12   1   2   1   0   2   3   2   2   1   2   0   0   2  58
17  11   1   0   6   6   6  34  13   2   2   5   3  50  14   2   2   3   4  59  10   0   3   1   5   0   1   3   0   3   0   0   2   2  50
14  10   2   1   2   0   3  20   7   1   2   2   0  31  10   1   1   1   0  29   2   0   1   0   0   2   0   1   0   1   2   0   2   1  24
12   9   1   1   6   1   6  29  12   2   2   5   0  50  16   1   3   4   0  52   7   0   3   1   0   1   2   2   2   3   3   2   0   2  44
12   9   1   1   4   7   6  28  12   2   3   4   2  46  14   2   2   2   6  50   6   0   2   1   1   3   2   2   0   2   1   2   1   0  42
10   8   1   1   4   0   4  20   8   1   1   4   0  42  16   2   1   3   0  48   8   0   3   1   0   0   2   3   2   0   1   0   2   0  41
18  12   2   1   4   6   5  29   9   1   2   4   2  50  16   2   2   3   3  53   7   1   3   1   0   1   3   2   0   0   2   1   0   1  45
19  12   2   3   5   5   5  27   8   0   1   5   0  49  15   0   2   3   0  61  12   1   3   1   0   2   2   2   0   3   0   0   1   1  52
13   9   1   0   5   0   5  23   9   1   2   5   0  44  16   3   3   3   0  47   7   0   1   1   0   1   2   3   3   3   2   2   0   2  40
15  11   1   1   6   4   5  30  11   1   1   6   0  57  19   1   1   5   1  71  13   1   2   2   0   2   2   3   0   1   0   0   2   0  60
16  12   1   2   6   5   6  25   9   1   1   6   3  44  15   1   2   4   2  56  11   1   1   1   0   2   2   3   1   3   3   0   1   1  48
19  13   2   3   5   6   6  24   6   1   0   1   8  37  12   2   1   1   0  39   5   0   1   0   0   3   0   0   3   2   1   1   1   0  33
5   4   0   1   1   8   6   7   3   0   1   1   1  18   9   2   2   1   0  22   5   1   1   0   0   0   3   0   3   1   1   0   1   2  19
14  11   1   1   5   1   5  27  10   1   1   6   0  48  16   1   1   4   0  50   6   0   2   1   0   1   1   2   1   2   2   1   1   0  42
21  15   3   1   5   6   6  40  14   3   0   5   0  58  15   0   1   3   0  62   9   0   1   1   0   0   2   0   0   0   1   0   1   0  53
18  13   2   1   6   5   6  36  13   2   1   6   0  59  17   1   2   4   0  76  16   2   1   2   0   1   2   1   0   3   2   0   2   1  65
15  12   1   1   7   5   7  27  10   1   1   6   1  51  17   2   2   4   0  54   7   0   3   1   0   1   3   1   1   2   3   1   0   0  46
15  11   1   1   4   3   4  27  10   1   1   4   0  43  12   1   2   2   0  45   6   2   2   0   0   0   1   1   2   3   3   1   2   2  39
6   6   0   3   5   2   6  23  12   2   0   6   0  50  20   1   2   4   0  60  11   0   1   1   0   2   2   1   0   3   0   0   2   0  51
19  13   2   1   5   0   5  32  10   2   1   6   0  59  20   2   1   4   0  62   7   0   1   1   0   0   1   0   0   0   3   1   0   0  52
14  10   1   1   7   2   7  30  12   3   3   7   4  41  11   0   2   2   7  52  11   2   1   1   4   1   0   3   0   0   1   1   0   0  44
15  10   1   1   4   0   4  31  12   2   2   4   0  51  15   2   2   3   0  60  10   0   3   1   0   2   3   0   0   1   3   0   1   1  51
14  10   1   1   5   0   6  27  10   2   1   4   0  40  12   1   2   2   0  33   0   0   3   0   0   3   3   0   3   0   3   0   0   0  28
16  12   2   1   5   0   5  23   8   1   2   5   0  53  20   3   1   4   0  60  10   0   2   1   0   0   0   1   0   1   2   0   1   1  51
15  11   1   1   7   5   7  28  11   1   3   6   5  51  17   2   1   3   6  54   6   0   1   1   0   3   1   1   0   0   3   2   2   1  46
14  11   1   1   6   3   6  27  10   1   0   6   4  55  19   2   2   4   0  61   9   1   1   1   0   3   0   1   2   1   2   2   1   0  52
13   9   2   2   3   7   5  26  11   2   0   3   3  42  12   2   3   2   0  51  10   1   2   1   0   1   3   0   2   3   1   1   0   1  43
8   7   2   1   1   8   4  14   6   1   2   1   5   9   0   2   1   0   2   5   1   1   2   0   1   2   1   1   3   0   0   0   2   0   4
5  5  0  3  2  8  5  3  1  2  2  0  8  0  0  2  2  0  4  0  0  2  3  0  0  3  0  2  1  0  3  2  0  1  0
13  10   2   1   3   1   3  23   8   1   1   3   0  37  12   1   2   2   0  43   8   0   1   1   0   1   2   0   0   1   1   2   1   2  37
17  12   2   1   4   4   4  32  11   3   2   3   0  48  13   1   2   2   0  54   9   1   3   1   0   0   3   1   0   2   2   1   2   0  46
14  10   2   2   4   7   7  22   8   1   0   4   3  47  17   1   2   3   3  59  12   1   3   1   0   3   2   0   0   1   1   0   0   2  50
14  11   1   3   5   2   5  25   9   1   2   5   0  42  13   0   2   4   0  54  11   1   3   1   0   3   3   3   1   2   0   1   2   1  46
6   6   0   1   6   0   6  20  10   1   3   5   0  45  17   2   1   4   0  52  10   0   2   1   0   1   2   2   1   2   0   2   0   0  44
13   9   1   3   4   7   6  25  10   1   2   4   6  49  18   2   1   2   4  56   8   1   3   1   1   3   2   1   2   2   1   2   2   0  47
12   9   1   3   4   4   5  31  13   2   2   4   0  51  15   2   1   3   0  61  11   1   1   1   0   3   2   1   1   3   1   2   1   2  52
20  14   2   1   6   1   5  44  16   3   2   6   1  63  16   1   2   4   0  68   8   1   3   1   0   0   0   3   3   3   0   0   1   2  58
7   6   0   2   5   3   6  21  11   2   1   4   0  42  16   2   1   3   0  52  10   1   1   1   0   0   1   1   1   3   1   0   2   2  45
20  13   1   1   7   4   6  31  10   1   1   7   1  58  20   2   1   5   0  75  16   2   1   2   0   2   1   3   1   3   0   0   1   2  64
15  11   1   2   5   6   6  20   6   0   0   4   3  45  18   1   2   3   0  50   7   0   2   1   0   0   2   0   0   3   0   0   0   1  43
12  10   2   1   5   5   6  25  10   1   3   4   0  48  17   1   2   3   0  54   9   0   1   1   0   1   1   3   1   1   2   0   2   1  46
17  13   2   1   6   3   7  30  10   1   2   5   5  48  15   1   1   3   2  54   9   0   1   1   0   1   0   2   1   1   2   1   1   1  46
11   9   1   1   5   1   5  28  12   2   1   5   0  58  21   2   2   4   0  66  10   0   1   1   0   3   1   3   3   2   1   2   2   0  56
14  11   2   1   5   0   4  28  11   1   3   5   0  54  19   3   1   3   0  59   7   0   1   1   0   0   2   2   1   1   0   0   1   2  50
14  10   1   2   7   0   6  34  13   2   1   7   0  57  16   1   2   6   0  71  14   0   2   2   0   2   0   2   2   3   3   0   0   2  60
15  10   1   2   6   2   6  35  14   2   1   6   4  69  24   3   2   4   2  74   9   1   3   1   1   2   0   1   1   2   0   0   2   0  63
7   7   0   2   4   0   4  17   8   1   3   3   0  33  14   3   2   2   0  27   0   0   3   0   0   1   3   2   2   3   1   2   1   2  23
18  13   1   1   6   2   6  37  13   2   1   6   0  69  23   2   1   4   2  69   6   0   3   1   0   1   1   3   0   0   3   2   2   0  58
10   8   1   1   3   7   4  17   7   0   1   3   3  35  13   1   2   2   4  30   0   0   2   0   0   0   1   1   0   0   3   0   2   1  26
10   8   1   2   6   4   7  29  13   2   1   5   7  53  19   3   2   3   0  66  13   2   3   1   0   2   0   0   2   3   0   0   0   0  56
9   8   1   2   3   4   3  25  11   3   1   2   0  30   7   1   3   1   0  23   1   1   2   0   0   3   3   3   0   3   0   2   2   1  20
20  13   3   1   6   2   6  32  11   1   0   6   0  59  20   1   2   4   0  67  10   1   3   1   0   2   1   0   3   0   2   0   1   1  57
12  10   2   2   3   0   4  25  10   1   0   3   0  47  16   1   2   2   0  49   7   0   2   1   0   3   1   0   3   3   3   1   0   2  42
3  4  3  2  0  8  4  3  3  1  2  0  6  0  0  2  1  0  1  1  3  1  2  0  0  3  1  3  3  1  3  2  1  2  1
13   9   1   0   5   4   6  24   9   1   3   5   6  48  17   2   1   3   1  52   7   0   2   1   0   1   0   1   3   1   1   1   2   2  44
12   9   2   1   4   6   6  29  12   2   1   4   0  52  17   1   2   3   0  58   8   1   3   1   0   1   2   3   1   1   1   2   1   1  49
13   9   1   3   4   4   5  19   7   1   1   3   0  37  14   1   2   2   0  29   0   0   2   0   0   3   3   0   1   3   3   1   0   2  25
10   8   1   1   6   2   6  26  11   1   0   5   0  48  16   1   2   4   0  55  10   1   2   1   0   1   3   1   2   0   0   1   2   1  47
14  10   2   1   3   3   4  34  15   3   0   4   0  56  17   1   3   3   0  53   5   0   2   1   0   2   1   1   2   3   1   0   1   2  45
14  10   1   2   4   0   4  24   9   1   1   4   0  43  14   1   1   3   0  49   8   0   1   1   0   1   3   1   2   2   0   2   1   1  42
14  10   2   1   3   7   5  23   9   2   0   2   6  33   9   2   2   1   1  26   0   0   3   0   2   3   1   1   1   2   0   2   2   0  22
13  10   1   1   4   1   4  21   8   1   1   3   0  45  18   2   1   2   0  55  10   0   1   1   0   0   3   3   2   1   0   0   2   2  47
15  11   2   1   7   4   7  31  11   2   1   6   0  54  17   1   1   4   0  62   9   1   2   1   0   0   1   3   0   0   2   0   2   0  53
13  10   1   1   6   2   6  30  13   2   1   6   0  52  16   1   2   4   0  61   9   1   2   1   0   2   2   3   1   0   2   0   2   0  52
15  11   1   1   7   0   7  27  10   1   1   7   0  54  20   2   2   4   0  58   8   2   1   1   0   3   3   3   1   2   3   2   2   0  50
11   9   1   1   5   5   6  27  12   3   1   4   0  50  17   3   3   3   0  59  10   1   2   1   0   2   2   0   1   3   3   0   0   2  50
11   9   0   2   6   3   6  25  10   1   0   5   0  47  17   1   2   3   0  52   8   1   1   1   0   0   1   0   0   0   2   0   1   0  44
17  12   3   1   6   1   6  35  14   2   1   7   0  53  15   0   2   4   0  61   9   1   2   1   1   1   3   1   3   3   0   1   2   2  52
1  3  0  1  1  8  6  3  4  1  3  1  2  7  6  2  2  0  0  2  0  2  2  0  0  1  2  3  2  2  2  2  2  0  1
17  12   1   1   6   0   6  34  12   2   1   6   1  50  14   1   3   4   0  49   5   0   3   1   0   3   0   3   3   2   1   2   1   1  42
16  12   2   2   6   5   6  31  12   2   1   5   1  56  19   2   2   4   0  61   8   1   1   1   0   0   1   1   1   2   2   0   2   1  52
10   9   1   3   5   6   6  23  10   1   1   4   3  42  14   0   2   3   2  44   6   0   3   1   0   0   0   0   0   1   1   0   1   1  37
14  11   2   0   4   5   4  27  10   2   3   4   0  37  10   0   2   2   0  31   0   1   3   0   0   0   1   3   0   1   3   0   1   1  26
15  11   2   1   6   1   6  19   6   0   1   5   5  38  14   0   2   3   0  41   6   1   1   1   0   3   0   0   3   3   0   2   1   2  34
16  12   3   3   5   1   5  31  11   3   2   5   2  49  15   1   2   4   0  53   8   1   1   1   0   2   0   1   2   2   1   0   2   0  45
16  11   1   1   6   4   7  30  11   1   2   5   5  50  15   1   1   3   1  56   9   2   2   1   0   2   0   3   3   1   2   0   2   1  47
14  10   1   1   7   2   6  30  12   1   1   7   0  51  16   1   3   5   0  64  12   1   1   2   0   1   3   0   0   3   2   2   1   2  55
12  10   1   1   4   4   5  25  11   3   2   3   4  47  16   1   2   2   0  59  11   1   1   1   0   0   0   3   2   1   2   1   2   2  50
10   8   2   0   1   7   3  17   6   2   1   1   6  26   8   2   2   1   0  19   0   0   2   0   0   0   0   1   2   1   1   0   1   2  16
19  14   3   1   5   0   6  28   8   1   3   5   0  43  14   1   3   3   0  51  10   1   2   1   0   0   1   3   1   3   1   1   2   2  43
11   9   1   1   4   7   7  24  11   2   2   4   3  45  15   1   2   3   0  48   6   0   2   1   0   3   3   0   1   1   1   1   0   1  41
12   9   1   3   4   0   4  23   9   1   3   4   0  36  11   1   2   2   0  43   8   1   2   1   0   3   3   2   0   0   0   1   0   0  37
21  14   2   1   6   2   6  29   8   1   2   5   0  54  19   2   2   4   0  59   8   0   2   1   0   0   2   3   2   3   3   1   0   2  50
7   6   0   1   2   8   6  14   7   1   2   3   2  28  12   1   3   2   0  36   9   2   2   1   0   1   2   3   1   3   1   2   2   1  31
11   9   1   0   6   0   5  27  13   2   2   5   0  50  17   1   2   4   0  54   7   0   2   1   0   0   3   3   3   0   2   0   0   1  46
14  11   1   0   5   0   6  31  12   1   0   6   0  54  18   2   1   3   0  56   7   1   2   1   0   1   2   1   2   0   2   0   1   0  48
4   5   0   1   2   6   3  16   9   2   0   2   2  29  11   2   2   1   0  23   0   0   3   0   1   1   2   0   1   2   0   2   0   1  20
12   9   1   1   5   4   4  25   9   1   2   4   4  48  17   2   2   3   0  54   8   0   2   1   0   1   0   2   2   3   2   0   0   2  46
19  14   2   2   6   5   6  28   9   2   1   4   6  34   8   1   2   1   7  32   3   0   2   0   2   3   0   1   0   0   1   2   2   1  27
16  11   2   0   5   4   5  31  12   2   0   5   3  55  17   1   3   4   0  56   6   1   2   1   0   0   0   1   2   2   2   0   1   1  47
16  12   2   3   7   0   6  31  12   2   2   7   0  62  22   2   2   5   0  68   9   0   2   1   2   0   0   1   2   3   0   0   2   1  58
