10   9   1   3   3   3   3  21   9   1   2   3   4  35  12   1   2   2   1  49  12   0   1   1   0   3   0   3   3   1   2   2   1   2  41
18  12   2   0   7   4   6  34  13   2   1   6   0  56  17   0   2   4   0  70  14   2   1   2   0   0   3   3   3   3   1   0   2   1  60
17  11   1   0   4   4   4  31  11   1   1   4   0  52  15   0   2   3   1  51   6   0   2   1   1   0   3   2   0   1   0   0   0   2  43
8   7   0   1   4   2   4  26  13   2   2   5   0  54  19   1   1   4   0  65  13   1   1   1   0   3   2   2   0   3   1   2   1   1  56
16  12   2   2   4   4   5  33  12   2   1   3   2  44  11   2   3   2   0  50   8   0   1   1   0   1   1   3   3   3   1   2   1   1  43
13   9   1   3   6   3   6  26  10   1   1   5   6  49  17   2   1   3   0  55   9   1   2   1   0   2   0   0   3   3   1   0   0   1  47
15  11   2   2   4   5   4  35  14   3   1   5   3  58  18   1   1   3   0  64   9   0   2   1   0   0   1   0   1   1   1   0   1   2  55
12   9   1   1   5   4   6  19   8   1   1   5   3  40  15   2   2   3   0  46   8   2   2   1   0   1   0   1   3   3   3   2   1   2  39
21  14   2   1   7   0   7  38  14   1   0   7   0  56  14   1   3   4   0  67  11   1   3   1   0   3   2   1   2   2   0   2   2   1  57
11   9   1   1   5   3   6  22  10   1   1   5   0  48  19   2   2   3   0  56   9   0   3   1   0   0   1   3   0   1   0   0   2   1  48
10   7   0   2   6   3   6  28  13   3   1   6   0  51  16   1   2   4   0  55   7   0   2   1   0   1   2   1   3   0   3   2   2   1  47
5   5   1   1   1   8   3  13   6   3   2   1   5  24   9   2   3   1   1  18   0   2   1   0   0   3   2   3   2   3   3   1   1   1  15
7   7   1   1   2   8   4  17   8   2   1   2   6  29  10   2   3   1   0  21   0   1   1   0   0   1   0   0   3   2   2   1   0   1  18
16  11   1   1   5   5   6  31  11   2   1   5   0  50  15   1   3   4   0  59  10   1   2   1   0   1   2   1   0   3   3   2   1   1  50
18  13   2   1   6   1   6  35  12   2   3   6   0  53  15   1   2   4   0  59   8   1   2   1   1   1   2   2   3   3   0   1   0   2  50
10   8   1   2   4   2   4  15   6   0   1   3   0  33  14   2   2   2   1  27   0   2   2   0   0   1   1   3   0   3   3   2   2   2  23
22  14   2   1   6   1   6  37  13   3   2   7   0  61  17   1   3   5   0  69  10   0   2   2   0   2   1   1   0   2   2   0   1   0  59
8   6   1   3   2   7   4  16   7   1   1   2   3  29  11   2   3   1   1  31   4   0   2   0   0   3   3   1   1   3   1   2   2   2  26
5   5   0   2   2   7   3  12   6   2   0   1   7  18   7   2   3   1   1  13   0   1   3   0   0   2   0   1   2   3   2   0   1   2  11
7   7   1   2   3   0   3  17   9   2   0   3   0  35  15   1   1   2   0  33   4   1   1   0   0   3   3   0   0   1   3   0   1   2  28
8   7   0   1   6   3   6  22  10   1   1   6   5  45  16   0   1   4   5  49   6   0   2   1   8   3   0   0   0   3   0   2   0   0  42
10   8   1   2   4   2   4  16   6   0   2   4   0  34  14   1   3   3   0  44   9   0   2   1   0   1   1   1   2   2   0   2   2   0  37
10   8   1   0   3   3   4  20   9   3   2   3   0  40  15   2   3   2   0  48   9   1   1   1   0   0   1   2   3   2   1   0   0   1  41
16  11   3   1   3   5   4  25   8   2   0   2   7  32   8   1   1   1   1  28   2   0   1   0   0   3   0   1   2   1   2   1   1   2  23
7   6   0   1   3   4   4  18   9   2   2   3   0  37  15   2   2   2   0  46   9   1   2   1   0   1   2   1   1   3   3   1   1   0  39
12   9   1   1   6   3   6  33  15   2   0   7   0  56  18   1   1   5   0  71  14   2   3   2   0   1   2   0   3   3   2   2   0   2  61
9   8   0   3   4   4   5  22  11   2   0   4   0  44  16   1   2   3   0  56  11   1   2   1   0   0   1   1   2   1   3   0   1   1  48
15  10   1   2   5   1   5  36  14   2   1   5   0  55  14   1   3   3   0  62   9   1   1   1   0   0   3   0   3   3   2   0   0   2  53
19  13   2   1   5   1   6  28   8   1   1   5   0  51  16   2   3   3   0  53   6   0   3   1   0   3   1   3   0   2   0   1   1   0  45
8   7   0   1   4   4   5  22  11   1   1   4   0  45  17   1   2   3   0  54  10   0   2   1   0   3   2   0   1   1   2   2   0   2  46
14  10   1   1   4   6   5   8   0   2   2   0   8   4   0   1   1   0   8   0   0   1   3   0   7   3   0   1   0   3   2   2   1   2   0
13   9   1   1   4   6   4  26  10   2   1   3   5  41  13   2   2   2   1  31   0   0   2   0   0   0   0   0   1   3   2   1   1   1  26
16  11   2   2   7   2   7  31  11   2   2   7   0  63  22   2   1   5   0  78  13   1   1   1   0   0   3   2   0   3   3   0   0   1  67
14  10   1   1   3   1   3  20   6   0   1   3   0  37  13   2   2   2   0  40   6   0   3   1   0   0   1   1   3   0   0   1   2   0  34
14  11   2   0   5   5   6  24   9   1   3   4   6  39  14   1   2   3   5  47   9   0   2   1   0   3   0   3   1   0   3   1   2   1  40
12   9   1   1   4   6   5  20   8   1   1   3   3  37  13   1   1   2   0  39   6   0   2   1   0   1   3   1   3   1   1   1   0   2  33
5  5  2  0  1  8  7  0  0  1  1  0  8  5  5  1  2  0  6  0  0  0  1  0  4  0  0  3  1  3  1  0  1  2  0
17  12   2   2   6   2   6  29   9   1   0   6   2  55  19   1   2   4   0  64   9   0   2   1   0   1   0   1   2   1   0   1   2   2  54
10   7   1   3   3   1   3  21   9   1   1   3   0  39  15   2   2   2   0  42   6   1   1   1   0   2   2   3   1   2   0   0   1   0  36
9   8   1   2   5   3   5  17   8   1   3   5   1  42  18   2   2   3   1  50   9   0   3   1   0   3   1   2   0   3   1   2   1   2  42
21  14   2   1   5   6   6  33  10   2   0   3   6  46  11   1   3   2   0  53   8   1   2   1   0   1   0   1   3   2   0   1   1   0  45
20  13   1   0   6   3   6  36  12   2   3   5   0  62  19   2   3   3   0  65   8   1   2   1   0   0   3   3   2   2   2   0   2   0  56
19  12   3   3   7   2   7  28   8   1   3   7   0  50  17   2   3   5   0  63  11   1   2   2   1   3   3   3   3   3   0   2   2   1  54
15  10   1   1   4   7   6  31  12   3   2   4   3  59  20   2   2   3   0  63   8   0   1   1   0   2   2   0   2   0   3   0   0   0  54
9   7   0   3   6   0   6  23  11   3   3   6   0  46  17   2   2   4   0  53   9   1   3   1   0   3   3   2   2   1   3   1   0   1  45
18  12   3   1   4   4   4  27   8   1   2   4   0  43  13   1   2   2   0  47   7   1   3   1   0   1   1   1   3   0   0   2   1   1  40
21  14   2   0   5   4   6  40  14   2   1   6   0  61  17   1   1   4   0  64   7   1   2   1   0   0   1   1   1   0   3   0   1   0  54
24  16   2   0   6   4   6  42  13   2   2   6   0  66  19   2   2   4   0  76  11   2   3   1   0   3   2   3   3   1   0   1   1   2  65
22  15   2   1   6   2   6  32  10   1   0   5   0  54  17   1   2   3   0  58   8   0   3   1   0   3   1   1   1   1   0   1   0   1  50
18  13   2   1   7   3   6  34  13   2   1   7   4  61  20   1   1   4   1  67   9   1   3   1   0   2   0   3   3   3   3   0   1   1  57
21  14   2   1   5   6   6  39  13   3   0   6   1  65  19   1   2   4   0  65   7   0   2   1   0   2   1   1   1   3   2   0   1   1  55
11   8   0   0   6   5   6  29  13   2   1   6   1  54  18   1   2   4   0  58   7   1   3   1   0   0   3   1   3   0   1   0   2   0  49
15  11   1   2   7   1   7  27   9   1   2   6   1  50  17   1   1   4   1  50   6   2   1   1   3   2   0   0   0   3   0   0   0   1  42
11   8   1   1   4   5   5  20   8   1   3   3   2  43  16   1   1   2   0  39   2   0   2   0   0   1   1   2   1   2   1   2   0   1  33
14  11   1   0   5   5   5  22   8   1   3   5   2  46  17   2   2   4   0  50   7   2   1   1   0   2   2   2   2   2   1   0   0   0  42
4   5   0   0   2   8   4   9   6   2   2   2   2  25  13   2   2   1   3  26   3   0   1   0   0   0   3   3   0   0   2   0   2   0  22
9   7   0   1   3   7   5  21  10   1   1   3   2  40  15   2   1   2   0  46   7   2   1   1   0   2   2   0   3   1   0   0   0   2  39
17  11   2   3   5   0   6  27   9   1   2   5   0  49  16   1   2   4   0  60  12   0   2   2   0   2   0   2   2   3   3   0   0   2  51
16  11   2   1   4   7   6  29  11   2   3   4   1  53  18   1   1   3   0  53   6   1   3   1   0   1   2   3   2   1   3   2   1   2  45
13  10   1   1   5   0   6  28  12   2   0   6   0  47  16   2   2   3   0  53   7   1   2   1   0   3   0   1   3   2   2   2   2   0  45
13  10   2   1   4   5   4  27  10   1   1   4   0  53  19   2   2   3   0  56   7   0   3   1   0   1   1   0   2   0   0   2   1   1  47
9   7   1   1   2   3   3  24  11   2   1   3   0  39  12   2   2   2   0  49  11   0   2   1   0   1   2   2   0   2   1   2   0   1  42
13  10   2   1   2   8   6  21   7   1   2   2   1  42  16   1   2   2   0  51  11   2   2   1   0   0   3   2   2   0   3   0   1   1  43
9   7   0   2   6   2   5  29  14   3   0   7   0  61  23   2   2   5   0  69  11   0   3   2   0   1   1   0   1   1   0   1   0   1  59
17  12   2   1   4   2   4  25   7   1   3   4   2  47  17   3   1   3   0  49   6   1   2   1   0   1   0   3   1   3   1   2   1   1  42
0  3  1  1  0  8  3  1  2  2  1  0  6  7  6  2  2  0  2  2  0  1  1  0  0  2  2  0  1  0  2  0  1  0  1
14  11   1   3   6   6   7  28  11   2   1   5   1  53  18   2   1   3   0  59   9   0   2   1   1   2   1   3   1   2   0   1   2   0  50
13  10   3   1   3   3   3  26  10   2   1   3   0  44  14   1   2   2   0  56  12   1   1   1   0   0   2   0   2   3   1   0   0   2  47
11   8   1   1   5   4   5  28  12   2   2   5   0  43  14   1   1   3   0  50   9   1   1   1   0   0   2   3   0   0   2   0   2   0  43
14  10   2   1   4   0   4  26   9   1   2   5   0  49  18   1   1   3   0  64  14   2   1   1   0   1   2   3   0   3   0   1   2   1  54
6   7   0   0   6   4   6  16   8   1   2   6   0  44  19   2   1   4   0  50   8   0   1   1   0   0   2   1   0   3   1   0   1   2  43
21  15   2   1   6   1   6  37  12   1   0   7   0  67  22   2   2   5   0  77  11   2   1   1   0   1   1   1   0   1   2   2   1   1  66
2   4   0   1   1   8   4  11   7   2   1   1   5  31  15   3   1   1   0  24   0   0   2   0   0   3   3   2   3   0   2   2   1   1  20
16  11   1   2   6   3   6  31  11   1   1   5   0  51  15   2   3   3   0  51   5   1   3   1   0   1   2   3   3   1   0   0   1   1  43
7   6   3   2   1   8   5  12   6   3   2   1   7  30  14   2   1   1   5  25   0   0   3   0   1   0   0   2   1   3   3   0   1   2  21
13  10   1   3   5   2   5  28  12   2   3   5   0  50  17   2   3   3   0  54   8   0   2   1   0   3   1   2   1   3   1   2   0   1  46
16  12   2   1   5   5   6  32  13   2   2   5   3  53  16   2   1   3   0  59   9   1   2   1   0   3   1   0   3   1   0   1   1   2  50
21  14   2   0   6   1   6  34  11   2   0   6   0  59  19   1   1   4   0  67   9   1   2   1   0   1   2   1   3   3   2   1   1   2  57
22  14   2   0   4   5   5  34  10   2   1   3   0  49  13   1   2   2   0  56   9   1   1   1   0   1   3   0   1   0   3   2   0   1  48
16  11   1   1   4   7   6  20   5   1   3   1   8  37  13   2   1   1   6  30   0   1   1   0   3   3   0   3   1   1   1   2   2   2  25
15  11   1   1   4   7   6  29  11   2   2   4   2  50  17   2   2   2   4  56   8   2   1   1   4   1   3   3   0   1   0   2   0   1  47
14  10   1   1   4   4   5  26   9   1   0   4   2  44  15   1   2   3   0  53  10   0   1   1   0   3   3   1   1   2   3   1   2   0  45
14  11   1   1   5   3   4  23   9   1   1   5   2  51  20   2   2   4   0  57   8   1   3   1   0   0   0   0   3   3   1   0   0   2  48
21  14   2   1   7   1   7  34  10   1   3   7   3  60  19   1   2   4   4  67   8   1   2   1   0   3   0   3   0   3   3   1   2   2  57
18  13   2   0   5   1   5  34  13   2   1   5   0  56  16   2   2   3   0  62   9   1   2   1   0   0   1   1   2   1   0   0   1   1  53
15  10   1   1   4   5   5  27  10   2   1   4   0  44  14   1   1   3   0  46   5   0   2   1   0   0   2   1   0   2   3   0   2   0  39
17  12   1   1   5   0   6  30  11   1   0   5   0  52  17   3   2   3   0  61   9   0   2   1   0   0   0   1   1   3   1   0   0   1  52
12   9   0   1   4   0   4  25  10   2   1   4   0  40  13   1   3   3   0  44   7   0   3   1   0   0   2   1   0   3   3   0   2   2  37
16  12   2   1   4   7   5  32  12   2   0   4   3  57  18   2   3   3   0  63   9   1   1   1   0   2   2   1   1   3   2   0   1   2  53
13   9   1   0   3   7   5  31  12   2   1   3   5  50  15   2   1   2   0  66  14   2   1   1   0   0   0   1   2   1   3   0   1   2  56
14  10   1   1   6   2   5  25   9   1   1   7   2  51  18   1   2   4   0  64  13   2   2   1   0   1   0   1   3   2   0   1   2   1  54
18  13   2   1   6   3   6  38  14   2   1   6   0  65  20   1   2   5   0  67   7   0   1   1   0   3   2   0   3   0   1   2   1   0  57
8  6  2  1  1  8  6  3  0  2  0  0  7  0  1  2  2  0  5  0  0  2  2  0  2  0  0  1  0  3  1  0  2  2  0
18  12   2   1   5   5   6  30  10   1   2   4   1  52  17   2   2   3   0  57   9   1   3   1   0   1   3   1   2   1   3   0   2   2  49
17  11   2   0   3   0   4  25   8   1   1   3   0  48  17   2   2   2   0  60  12   1   2   1   0   0   0   1   3   2   0   0   2   1  51
15  11   2   3   4   6   5  26   9   1   2   3   6  45  15   2   2   2   0  49   6   1   2   1   0   3   0   0   1   2   0   2   0   1  42
12  10   1   1   4   3   5  25  10   2   0   4   3  53  19   1   2   3   3  63  10   2   2   1   0   1   0   0   0   1   3   1   1   1  53
9   8   1   3   3   5   3  19   8   2   3   3   0  36  14   2   2   2   0  43   9   1   3   1   0   0   2   3   0   1   2   0   2   2  36
17  12   2   3   4   7   6  30  10   1   2   4   4  54  17   1   1   3   0  56   7   0   2   1   0   3   1   2   1   1   1   1   0   2  47
8   7   0   1   6   2   6  21  11   2   3   6   0  38  13   1   2   3   0  45   9   2   2   1   0   3   1   3   2   1   0   2   2   1  38
18  12   2   2   4   4   4  28   9   2   3   3   1  47  15   1   2   2   0  52   8   0   2   1   0   0   0   2   3   3   1   0   0   2  44
10  8  1  2  3  6  3  5  0  1  3  0  8  6  3  1  1  0  8 10  5  1  3  0  7  2  0  3  0  1  0  0  2  2  8
14  10   2   2   4   4   4  31  12   2   1   4   1  47  13   0   2   3   0  55   9   1   2   1   0   3   1   3   2   1   2   2   2   2  46
7   6   0   1   4   1   4  19   9   1   2   4   0  40  16   1   1   3   1  50  10   1   1   1   0   1   3   2   0   3   3   0   0   1  43
12  10   1   1   6   1   6  28  12   2   1   6   0  57  22   3   2   4   0  56   6   0   2   1   0   3   1   0   2   2   1   2   1   1  48
9   8   0   1   6   2   6  23  11   1   1   6   2  53  22   2   1   4   2  63  11   0   3   1   0   2   0   1   0   1   2   0   2   2  53
10   8   0   2   5   6   6  21   9   1   1   5   2  41  15   1   2   4   5  48   8   0   3   1   1   0   2   3   0   1   1   0   2   2  41
13  10   3   1   3   6   4  28  12   3   1   3   0  47  15   2   2   2   0  53   8   1   1   1   0   1   3   2   0   1   1   2   0   2  45
12  10   1   0   5   4   6  25  11   1   1   5   0  50  18   2   1   4   0  62  12   1   1   1   0   0   1   1   2   0   0   0   2   1  53
9   8   1   3   4   1   4  16   7   1   2   3   5  11   0   1   2   0   8  11   3   0   2   0   7   3   0   3   0   0   0   2   2   1   9
0  0  1  3  0  8  4  2  3  2  0  0  8  0  0  0  1  0  1  5  5  2  2  0  0  2  0  1  2  0  1  1  2  0  4
20  14   2   0   7   2   6  35  11   2   1   6   0  63  20   2   2   4   0  66   7   0   1   1   0   0   1   3   0   1   1   0   2   1  56
12   9   1   0   5   7   6  29  12   2   1   4   6  49  15   1   2   3   0  56   8   1   1   1   0   0   0   0   1   3   0   0   1   1  48
16  11   1   2   5   5   6  30  12   2   0   5   0  50  16   0   1   4   0  55   9   0   2   1   0   0   3   1   1   3   0   0   0   2  47
21  15   3   1   6   3   6  37  12   2   3   6   0  59  18   1   2   4   0  62   7   0   2   1   1   1   2   1   1   3   0   2   2   1  53
10   8   1   2   3   6   4  24  11   2   2   3   0  44  15   1   1   3   0  52  10   1   1   1   0   2   2   3   3   0   3   0   2   1  44
21  14   3   2   6   6   6  39  13   2   1   6   1  67  20   2   1   5   0  84  16   2   3   2   0   3   3   1   1   0   3   2   2   0  71
12   9   1   3   4   0   4  27  12   3   0   4   0  51  18   1   2   3   0  60  10   0   1   1   0   3   3   0   1   3   1   2   0   2  51
10   8   0   1   7   5   7  33  16   3   1   7   0  58  18   2   2   5   0  70  12   2   1   1   0   0   2   3   3   3   3   0   0   2  59
12   9   1   1   7   3   6  27  11   2   1   7   0  50  17   1   1   4   0  52   7   0   3   1   0   1   3   0   1   1   2   2   0   1  44
12   9   0   1   6   2   6  24   9   1   2   6   1  42  15   0   2   4   1  46   6   1   3   1   1   1   0   1   0   3   0   1   2   2  39
17  12   2   1   7   1   6  31  11   2   1   6   2  52  16   1   2   4   0  58   8   2   2   1   0   0   0   3   3   0   1   0   2   1  49
20  14   3   1   6   2   6  31   9   1   1   6   0  60  22   2   2   4   0  67  10   1   2   1   0   3   1   3   3   3   1   2   0   1  57
10   8   1   2   4   7   6  22   9   2   2   4   3  43  16   2   2   3   0  58  14   2   1   1   0   3   1   2   2   1   2   2   0   1  49
17  12   2   1   7   3   6  28   9   1   1   6   0  49  16   1   2   3   0  52   7   0   1   1   0   1   2   3   2   2   2   1   2   1  44
15  12   2   3   6   5   7  29  12   2   1   6   5  54  18   2   2   5   0  58   7   0   2   1   0   3   1   3   3   2   0   1   2   1  49
14  10   1   1   5   3   6  24   9   0   2   4   0  53  20   2   1   3   0  63  10   1   3   1   0   1   3   2   3   3   3   2   1   0  53
12   9   1   1   4   4   5  24   9   1   0   4   0  47  17   2   2   3   0  61  13   2   1   1   0   3   2   1   1   3   3   2   2   2  52
12   9   1   1   5   0   6  27  11   2   2   5   0  49  17   2   2   4   0  60  11   1   3   1   0   1   2   3   1   1   0   2   2   2  51
10   8   1   1   6   0   6  19   9   1   1   5   0  40  16   1   1   3   0  49  11   1   2   1   0   1   3   2   2   0   2   2   0   1  42
11   9   1   3   7   0   6  17   6   0   1   6   0  44  19   1   3   4   0  50   9   1   1   1   0   1   3   1   3   3   2   1   1   2  43
10   8   1   1   2   7   4  13   5   2   1   1   7  23   9   1   2   1   1  17   0   0   1   0   0   1   0   1   3   2   2   1   2   0  14
19  13   2   1   6   3   6  34  12   3   2   6   2  56  16   1   2   5   3  74  16   2   2   2   0   0   0   1   0   1   3   0   1   2  63
22  14   3   1   6   5   6  36  12   2   1   5   1  54  14   1   1   3   0  68  13   2   2   1   0   0   2   1   2   2   3   0   1   0  58
12   9   1   2   4   6   5  25  11   1   0   4   0  53  19   2   1   3   0  60   9   0   1   1   0   1   2   0   0   2   2   2   0   0  51
14  11   1   0   4   4   4  23   8   1   2   4   0  37  12   2   2   2   0  48  11   2   2   1   0   0   1   3   1   2   3   0   2   0  41
18  13   2   1   5   4   6  34  12   2   2   5   0  61  20   2   2   4   0  66   7   1   2   1   0   0   1   3   3   2   0   0   1   0  56
16  12   2   1   5   5   5  28   9   2   2   2   7  34   7   1   1   1   1  25   0   1   3   0   0   1   0   2   3   3   3   2   1   2  21
18  13   3   1   3   0   3  25   8   1   1   3   0  42  12   1   1   2   0  39   2   1   2   0   0   2   0   3   2   0   1   1   2   0  33
9   8   0   1   6   6   7  21  10   1   2   6   0  48  20   2   2   3   0  50   6   1   3   1   0   0   2   3   0   3   1   0   2   2  43
18  13   2   1   5   6   6  26   8   1   2   4   4  47  16   2   2   3   0  51   7   0   2   1   0   3   1   2   3   3   1   2   0   2  43
15  12   2   1   5   1   5  28  10   1   1   5   0  49  16   2   2   3   0  52   6   1   3   1   0   2   3   1   1   1   1   0   2   2  44
11   8   0   3   6   1   6  24  11   1   1   6   1  52  21   2   2   4   0  63  11   0   1   1   0   2   0   2   1   0   1   0   1   0  54
13   9   1   1   5   1   4  27  11   2   1   5   0  46  15   2   3   3   0  51   9   0   2   1   0   1   3   2   1   2   1   2   0   1  43
15  10   3   1   3   0   3  25   9   1   1   4   0  44  16   3   1   2   0  51   8   1   2   1   0   1   1   0   0   1   0   2   1   2  43
13   9   1   1   6   1   6  31  13   3   2   6   0  56  19   2   2   4   0  61   8   0   2   1   0   2   3   3   2   1   2   0   1   2  52
7   7   1   1   2   6   3  18   9   2   1   2   3  29  10   2   2   1   0  23   0   1   2   0   0   3   3   1   2   1   1   2   1   2  20
8   7   0   1   4   7   7  15   7   1   0   1   8  21   7   2   1   1   2  16   0   1   2   0   0   3   0   1   2   1   1   2   2   2  13
14  10   2   1   5   3   5  25  10   1   2   5   2  46  16   1   2   3   0  59  12   0   2   1   1   0   0   2   2   3   0   0   0   1  50
10   8   1   2   5   5   5  22  10   0   1   5   0  45  17   2   2   3   0  53   9   1   1   1   0   1   3   3   2   1   2   2   1   2  45
20  14   3   1   6   3   5  41  16   3   2   6   0  70  22   3   1   4   0  74   9   0   2   1   0   1   1   2   2   3   2   2   1   1  63
14  10   1   1   5   5   6  27  10   1   1   5   3  51  17   2   3   4   2  58   9   1   1   1   0   3   1   3   1   2   2   2   0   0  49
19  13   2   1   6   5   6  32  11   1   0   5   0  56  18   2   1   4   0  64   9   0   2   1   0   0   3   0   0   3   3   0   0   1  54
13  10   1   1   5   3   5  29  12   2   2   4   0  54  18   2   2   3   0  66  11   1   2   1   0   2   2   2   1   2   3   1   0   0  56
18  12   2   1   6   0   6  41  15   2   1   7   0  60  17   2   2   5   0  73  13   0   2   2   0   0   1   2   3   3   3   0   0   2  62
6   5   1   1   1   8   6  13   6   2   2   1   4  15   4   2   2   0   7   9   0   0   1   0   2   0   2   2   0   2   1   0   0   1   8
13  10   2   3   3   7   6  20   7   1   1   2   2  33  11   2   2   1   2  25   0   1   3   0   0   0   2   3   1   1   3   1   1   2  21
16  12   2   0   6   1   6  31  11   1   0   5   0  52  17   1   2   3   0  60   8   0   1   1   0   1   3   1   2   3   3   1   2   2  51
20  14   3   0   5   5   6  28   8   1   2   4   3  45  14   1   3   3   2  50   8   0   2   1   0   0   0   0   0   3   2   0   0   2  43
20  14   2   1   4   7   7  27   7   1   1   3   3  40  11   1   2   2   0  52  11   1   1   1   0   1   1   0   0   1   1   1   1   1  44
6   6   1   1   2   8   6  15   9   1   1   2   2  36  14   2   2   2   0  43   9   1   1   1   0   0   2   1   2   1   0   0   2   2  37
14  11   2   1   5   1   4  19   7   1   2   4   0  39  15   3   3   3   0  43   8   2   2   1   0   1   2   3   1   3   2   2   1   2  37
13   9   1   1   3   4   4  30  12   2   2   3   0  45  13   2   1   2   0  56  12   2   2   1   0   0   3   3   0   1   0   1   2   2  48
5   5   0   3   2   8   5  13   7   1   1   2   3  24  10   3   1   1   0  17   0   2   3   0   0   3   3   3   2   1   3   2   2   2  14
17  12   2   1   5   4   6  33  12   2   2   4   0  56  18   1   1   3   0  65  11   0   1   1   0   0   3   3   1   0   2   0   2   0  55
23  15   3   1   6   5   6  34  10   2   3   5   2  57  17   1   2   3   0  71  14   2   1   1   0   3   1   3   2   1   3   2   2   0  60
11   9   1   2   6   0   6  26  11   1   2   6   0  54  20   1   2   4   0  59   7   1   2   1   0   0   2   2   3   3   3   0   0   1  50
16  12   2   1   4   7   6  15   3   1   2   0   8  14   2   2   3   0   2  11   1   0   1   0   5   2   0   2   3   2   0   0   0   1  10
12  10   1   1   6   0   6  28  12   2   1   5   0  54  20   2   1   4   0  60   9   1   1   1   0   0   2   3   1   3   1   1   2   2  51
13  10   2   0   2   7   4  21   7   2   2   1   7  30   9   2   2   1   0  26   3   0   1   0   0   1   0   0   3   1   1   1   0   1  22
14  10   1   0   5   0   6  29  11   2   1   5   0  51  16   1   2   3   0  56   8   0   2   1   0   0   3   1   1   1   2   0   1   2  47
20  13   2   3   5   3   5  33  11   2   1   4   3  60  20   2   2   3   3  62   7   0   3   1   1   2   0   1   0   1   1   0   2   1  53
15  11   3   2   3   7   4  20   6   1   1   2   3  43  17   2   2   2   0  48   7   0   2   1   0   1   2   1   3   0   3   1   1   1  41
9   7   2   2   1   8   3  11   4   2   1   1   6  23  11   1   3   1   5  18   0   0   2   0   1   3   1   2   0   3   1   1   0   1  15
8   6   1   1   1   8   4  17   8   2   1   1   3  24   7   1   2   1   1  18   0   0   3   0   0   3   3   3   2   3   2   1   1   2  15
12   9   0   1   5   6   7  23  10   2   3   4   0  46  17   1   2   3   0  55  10   0   1   1   0   2   3   2   3   2   1   0   0   0  47
17  12   2   1   3   7   6  22   6   1   3   3   4  45  17   0   1   3   2  53   9   0   3   1   0   1   0   2   1   1   2   1   0   1  45
0  0  2  1  0  8  5  0  0  2  3  0  5  0  2  1  3  0  8  0  0  1  2  0  7  2  3  3  0  3  2  0  2  1  0
10   8   1   2   4   7   6  19   7   1   2   2   8  27   8   2   1   1   8  21   0   0   2   0   6   2   0   1   0   1   0   0   1   2  18
12   9   0   3   7   2   7  28  13   2   3   7   0  58  20   2   2   5   0  62   8   0   2   1   0   2   1   2   2   1   0   0   0   0  53
17  12   1   0   6   3   7  31  11   1   1   5   0  55  18   1   3   4   0  58   7   1   1   1   0   1   1   1   0   3   3   0   2   0  49
22  15   2   1   6   3   6  38  12   1   2   5   0  60  18   2   3   4   0  72  14   2   1   2   0   0   3   3   1   3   1   0   2   2  61
9   7   0   2   7   2   7  20   9   1   1   7   3  52  22   2   2   5   0  66  13   1   2   2   0   1   0   3   3   1   1   2   1   2  56
14  11   2   3   7   5   6  26   9   1   1   7   1  51  18   1   3   4   0  60  10   1   2   1   0   3   1   3   3   2   3   2   2   0  51
11   8   1   0   3   1   3  19   7   1   1   3   0  36  14   1   2   2   0  45  10   2   3   1   0   0   0   3   3   3   3   0   1   2  38
15  11   2   1   3   5   3  24   8   1   2   2   3  35  10   1   2   1   0  47  10   1   2   1   0   1   0   1   1   3   1   2   2   2  40
16  11   1   0   5   4   5  31  12   2   3   5   0  49  14   0   2   3   0  50   5   0   3   1   0   0   3   3   1   1   2   0   2   2  42
9   7   0   2   4   5   5  25  11   1   0   4   2  40  13   0   3   3   2  45   8   0   1   1   5   1   2   1   0   3   0   2   1   2  38
12   9   1   1   5   3   4  26  11   1   2   5   0  51  18   2   2   3   0  57   9   1   2   1   0   1   3   1   3   0   0   1   2   1  49
15  11   2   0   5   5   5  36  15   3   1   6   0  58  17   2   1   4   0  64   9   0   2   1   0   0   3   1   2   1   1   0   2   2  54
9   7   0   1   5   6   6  21   9   1   3   5   0  46  18   1   1   3   0  60  12   1   2   1   0   0   2   2   1   1   1   0   0   1  51
10   9   1   1   4   5   5  24  11   2   2   4   4  35  10   1   2   1   7  39   6   2   1   0   6   0   0   3   0   0   0   0   1   0  33
13   9   1   3   7   2   6  29  12   2   2   7   0  53  18   2   2   5   0  64  11   2   3   1   0   2   3   3   1   2   1   0   1   0  54
15  10   2   2   3   7   5  24   9   2   1   3   5  48  17   2   1   2   0  57   9   1   2   1   0   2   1   1   2   3   2   0   2   1  49
18  12   2   1   5   0   5  36  13   2   1   6   0  55  15   1   2   4   0  64  11   1   2   1   0   1   2   0   1   1   3   2   0   1  55
9   8   1   2   3   7   6  17   7   1   1   2   6  22   6   1   3   1   1  20   2   1   2   0   0   1   0   1   2   2   0   2   2   1  17
10   8   1   1   3   5   3  24  10   2   2   3   1  43  14   2   2   2   0  49   8   1   1   1   0   2   2   2   3   0   0   0   0   0  41
19  13   2   1   4   7   7  34  11   2   1   3   5  43  10   1   3   1   7  43   5   1   3   0   8   1   2   3   0   3   0   1   2   2  37
10   8   0   1   5   3   6  21   9   1   2   4   1  40  15   2   2   2   0  35   2   1   2   0   0   1   1   1   3   2   1   1   1   0  30
18  13   2   1   6   3   7  33  11   1   2   4   6  50  14   0   2   3   4  58  10   1   2   1   2   2   0   3   1   1   2   0   2   1  50
9   7   1   3   4   4   4  21   9   1   3   3   1  41  16   2   2   2   0  49   9   1   2   1   0   2   2   3   1   1   1   0   2   1  41
14  11   3   1   3   7   4  24  10   1   2   3   1  39  13   1   1   2   0  42   7   0   2   1   0   0   3   0   2   0   3   0   1   0  36
17  11   3   0   2   8   6  24   7   2   0   2   4  41  13   2   2   1   1  40   4   1   1   0   0   1   1   1   1   3   2   2   2   2  34
0  0  1  2  0  8  4  3  3  1  1  0  5  0  0  2  3  0  7  5  5  1  1  0  5  2  1  1  0  3  2  0  2  1  4
13   9   1   1   6   0   6  28  11   2   1   5   0  54  18   2   1   4   0  64  11   0   1   1   0   0   3   0   2   1   2   0   0   2  55
8  7  1  2  2  8  5  8  2  2  1  0  8  2  0  2  2  0  1  0  0  2  1  0  3  3  0  0  3  2  0  1  0  0  0
1  2  2  0  0  8  4  0  0  1  1  0  1  0  1  1  1  0  0  0  2  1  2  0  0  0  2  1  3  2  1  0  1  1  0
18  12   1   0   5   4   6  33  12   2   2   5   0  54  16   2   3   4   0  63  10   1   2   1   0   0   1   3   0   2   0   0   0   0  54
12   9   1   1   5   7   7  26  10   2   1   4   6  42  12   0   3   3   1  47   9   0   2   1   3   0   0   1   2   2   0   0   2   0  40
3   5   0   1   2   8   7  13   9   2   0   2   2  22   8   1   1   1   0  15   0   1   2   0   0   0   3   1   1   3   3   0   1   1  13
5  6  1  2  1  8  4  8  4  2  2  1  5  3  0  1  1  0  3  7  5  0  1  0  5  3  2  3  1  2  0  2  1  1  6
11   8   2   2   3   7   6  25  12   3   1   3   3  48  17   2   2   2   4  54   8   1   3   1   1   2   3   1   0   3   3   1   2   1  46
15  11   2   3   4   6   6  34  13   2   1   4   1  50  14   0   2   3   0  62  11   2   1   1   0   2   2   1   2   0   3   0   2   1  53
16  12   1   2   6   5   7  31  11   1   1   6   3  59  20   3   2   3   0  60   7   0   1   1   0   1   1   3   3   3   1   1   2   1  51
13  10   2   1   3   5   3  26  11   2   1   3   3  46  16   1   1   3   0  47   6   0   1   1   0   2   1   3   3   3   3   0   2   2  40
22  14   2   0   5   1   5  35  11   2   2   5   0  60  18   1   1   3   0  64   7   1   2   1   0   1   2   1   1   2   2   1   1   1  54
17  12   2   1   7   5   7  35  14   2   3   7   0  69  23   2   2   5   0  70   6   1   2   1   0   0   3   3   0   1   0   1   2   2  60
10   8   0   2   6   3   6  29  12   2   1   5   2  49  16   1   2   4   2  57   9   0   3   1   0   1   0   1   0   1   1   2   2   2  48
12   9   1   0   6   2   6  28  12   1   1   7   0  45  14   0   2   5   0  58  12   0   1   2   0   1   3   1   1   3   3   2   1   2  49
16  12   2   1   4   6   5  26   9   1   1   4   4  40  13   0   2   3   2  48   9   1   2   1   0   1   3   2   1   3   3   2   1   0  41
11   9   1   1   4   3   4  27  11   2   1   4   0  51  17   2   2   3   0  51   5   0   2   1   0   1   2   1   3   2   2   2   1   1  43
15  11   2   1   5   3   5  23   9   0   3   6   0  55  22   2   2   4   0  60   8   1   1   1   0   3   2   2   1   3   1   2   0   1  51
9   8   1   1   3   7   4  19   8   2   2   2   3  34  11   2   2   1   0  25   0   2   2   0   0   1   2   1   1   3   3   1   2   2  22
14  10   3   1   3   4   3  30  11   2   0   3   0  46  14   1   1   2   0  56  11   1   1   1   0   1   2   0   3   3   2   2   0   2  47
18  13   2   3   5   0   5  29   9   1   2   5   0  61  22   2   1   4   0  61   6   1   3   1   0   3   1   1   1   1   0   1   2   2  51
16  11   1   0   7   2   6  27   9   0   2   6   0  51  18   1   1   4   0  62  11   1   1   1   0   1   3   3   3   1   2   0   1   2  53
12   9   1   1   4   6   6  27  12   3   3   4   0  42  13   2   1   2   0  56  13   1   1   1   0   0   3   3   1   2   2   0   2   1  47
22  14   2   1   6   2   7  32   9   1   1   7   3  59  20   1   1   5   0  70  13   1   2   2   0   2   0   0   2   0   1   0   0   1  59
11   8   0   0   3   7   4  21   8   2   1   2   5  37  14   1   1   2   1  46   9   0   3   1   0   1   0   2   2   1   3   1   1   1  39
13  10   2   1   3   7   5  25   9   1   1   3   0  42  13   2   1   2   0  50   8   0   2   1   0   0   3   2   0   3   3   1   0   1  42
0  0  2  2  0  8  6  0  0  2  3  0  8  0  0  2  1  0  4  1  2  1  1  0  3  3  0  3  2  1  0  2  1  2  1
15  10   2   3   5   1   5  25   9   1   2   5   0  46  15   1   1   3   0  51   7   1   2   1   0   2   3   0   0   0   2   0   0   0  43
13  10   2   1   6   0   6  27  11   1   2   6   0  56  21   2   1   4   0  67  11   2   2   1   0   1   1   1   0   2   1   2   2   0  57
11   9   1   2   5   3   5  17   7   1   2   4   4  35  13   2   3   3   2  44   9   0   2   1   0   2   0   1   2   3   2   0   1   1  37
12   9   1   1   7   3   6  29  13   2   1   6   0  52  17   2   1   4   1  63  11   1   3   1   0   3   1   3   0   1   2   1   1   2  54
13  10   1   1   5   1   4  25   9   1   1   5   2  47  17   1   2   4   0  54   9   0   3   1   0   1   0   1   3   0   2   2   2   0  46
4   5   1   1   1   8   6  10   5   1   2   1   4  24  11   1   1   1   0  18   0   1   3   0   0   1   2   0   1   3   3   2   0   2  16
15  10   2   2   4   1   4  29  11   1   1   4   0  53  18   1   3   3   0  62  11   1   1   1   0   3   1   1   2   2   3   2   2   0  53
8   6   2   3   2   8   6   9   3   1   2   1   8  15   7   2   1   1   5  21   6   2   2   0   6   3   0   2   2   1   0   2   0   1  18
11   8   1   1   4   2   4  20   7   1   3   3   0  38  14   2   3   2   0  42   7   0   3   1   0   1   3   2   2   3   3   0   1   2  36
4  5  3  2  1  8  3 10  5  2  3  1  3  5  0  2  2  0  6  3  1  0  2  0  6  0  2  2  0  3  0  0  0  1  3
12  10   2   1   5   6   6  26  10   1   1   5   4  42  13   1   3   3   0  54  13   1   1   1   0   2   3   3   2   3   3   0   2   1  46
10   7   0   1   5   0   6  24  11   1   1   5   0  43  15   1   2   4   0  44   5   0   3   1   0   1   2   0   1   2   1   0   0   0  37
12   9   1   1   7   4   7  20   9   1   1   7   0  49  20   1   1   6   0  61  12   0   2   2   0   1   2   3   0   1   1   2   1   2  52
15  11   2   0   6   4   7  31  12   2   3   6   1  55  19   1   1   5   0  66  11   1   2   2   0   3   2   3   2   3   0   0   1   2  56
15  11   2   2   5   3   4  39  16   3   0   5   0  59  15   1   3   3   0  68  10   1   1   1   0   3   3   1   2   3   3   2   2   1  58
15  11   2   1   5   1   5  31  12   2   2   5   0  53  16   1   2   3   0  54   6   1   1   1   0   2   2   3   1   3   3   0   2   2  46
11   8   0   1   7   0   7  23   9   1   3   6   0  48  17   1   2   4   0  62  13   1   2   1   0   3   3   3   3   0   3   0   2   0  52
12   9   2   1   2   8   4  19   7   1   1   2   5  33  11   1   2   1   2  28   1   1   2   0   0   1   0   1   1   0   2   2   2   1  24
8   7   1   1   3   7   5  12   6   0   2   2   4  27  12   2   1   1   2  19   0   1   1   0   0   3   1   3   1   3   3   1   1   1  16
8   7   1   2   3   3   3  15   6   1   2   2   0  32  14   3   3   2   0  43  11   1   1   1   0   1   3   0   3   3   3   1   0   0  37
13  10   1   1   3   7   4  29  11   2   0   3   0  46  15   2   2   2   0  50   7   0   3   1   0   0   3   3   1   2   2   0   1   1  42
16  12   2   2   5   0   6  29  11   1   1   5   0  54  19   2   2   4   0  69  15   2   1   1   0   0   3   2   3   1   1   0   0   2  58
15  11   2   2   6   6   6  28  11   2   2   5   4  47  15   2   2   3   1  53   8   0   2   1   0   3   1   1   1   3   3   1   2   1  45
12  10   1   1   7   4   7  24  10   2   2   6   0  49  17   1   2   5   0  58  10   1   2   2   0   3   3   1   2   1   3   2   2   1  49
0  0  2  1  0  8  3  0  1  1  0  0  5  0  2  1  3  0  3  3  3  1  1  0  4  2  1  1  1  2  0  0  2  1  3
11   8   1   2   6   1   7  23   9   1   2   6   0  50  20   2   2   4   0  56   9   1   1   1   0   0   1   3   0   3   2   0   2   2  48
10   9   2   1   2   8   6  21   8   1   2   2   5  25   5   1   1   0   8  29   6   1   3   0   6   1   1   3   0   2   3   2   1   1  25
11   9   1   1   4   1   5  21   9   2   3   4   0  41  16   2   2   3   0  55  12   1   2   1   0   2   1   2   1   1   1   0   1   2  47
0  1  2  0  0  8  6  0  0  2  2  0  3  0  0  1  1  0  1  0  1  0  2  0  2  0  1  1  1  3  0  0  2  2  0
13  10   1   1   5   7   7  23   8   1   3   4   4  44  16   2   2   3   0  48   7   1   3   1   0   3   1   3   1   2   3   1   1   1  41
14  10   2   1   2   8   5  26  10   2   1   2   4  30   6   1   3   1   0  21   0   1   2   0   0   3   2   1   3   2   0   2   2   0  18
13   9   1   2   4   0   4  24  10   2   1   3   0  41  13   2   2   2   0  50   9   1   1   1   0   3   0   0   2   1   0   2   0   1  42
15  11   2   1   6   0   6  30  11   2   2   6   0  53  17   1   1   5   0  66  13   0   2   2   0   3   1   1   0   3   1   1   1   1  56
13   9   1   2   5   4   6  28  12   2   2   6   1  52  17   2   3   5   0  62  12   1   1   1   0   1   1   1   1   3   1   1   2   1  53
10   9   0   1   4   2   4  26  11   2   3   4   0  41  12   1   3   2   0  49  10   1   3   1   0   1   1   2   2   2   3   1   0   0  42
16  11   2   1   4   6   5  34  13   2   0   4   3  65  21   2   1   3   0  71  10   0   1   1   0   0   1   1   2   0   2   0   2   1  61
18  13   3   1   5   0   6  28   9   2   3   5   0  56  20   3   1   4   0  62   8   0   3   1   0   3   1   2   3   0   1   1   1   0  53
14  11   2   1   3   1   3  22   7   1   2   3   0  40  13   1   1   2   0  53  12   1   1   1   0   3   2   2   3   3   0   2   0   2  45
22  15   2   2   7   0   6  31   9   1   3   6   0  53  17   1   2   5   0  60  10   0   3   2   0   2   3   3   3   0   3   0   0   0  51
21  14   2   2   7   3   6  35  11   2   1   7   0  57  18   0   2   5   0  63   9   1   2   1   0   3   2   0   3   3   0   1   1   1  53
12  10   1   1   5   2   5  29  12   2   2   5   0  51  17   2   2   3   0  57   8   0   2   1   0   0   2   3   3   1   2   0   1   1  49
17  11   3   1   4   1   4  25   8   0   3   4   0  52  20   2   3   3   0  58   8   0   1   1   0   1   1   3   1   3   1   1   1   2  49
12   9   1   1   4   7   6  30  13   3   2   4   5  54  17   2   2   3   0  58   8   0   2   1   0   1   0   1   1   3   1   2   1   2  50
5   6   1   2   2   7   4  15   8   2   2   3   1  36  15   2   1   2   0  46  10   1   1   1   0   2   3   1   3   3   0   0   1   1  39
9   8   1   1   3   1   3  20  10   2   1   3   1  36  13   1   3   2   0  28   0   1   3   0   0   0   0   0   2   2   3   0   0   1  24
0  0  1  2  0  8  6  0  2  1  2  0  4  0  0  2  2  0  0  0  2  0  2  0  0  2  2  0  3  0  1  1  0  1  0
9   8   0   1   4   3   4  21  10   2   2   4   0  45  18   2   3   3   0  51   7   0   1   1   0   1   3   3   0   2   3   1   2   0  43
15  11   1   1   5   6   6  25  10   1   1   4   1  44  15   1   2   3   2  52  10   0   1   1   0   3   3   3   0   1   3   0   2   1  44
9   8   1   1   4   5   4  27  13   2   1   4   2  48  15   2   1   3   0  52   7   1   2   1   0   3   1   3   1   2   2   2   2   0  44
20  13   2   1   6   0   6  34  11   2   3   5   0  64  22   2   3   4   0  72  10   0   2   1   0   3   3   2   3   3   3   1   0   1  61
16  12   1   1   6   0   6  31  11   2   2   5   0  51  16   2   1   3   0  51   6   1   2   1   0   2   0   3   1   3   0   0   2   2  43
12   9   0   1   7   2   6  26  11   1   2   7   2  56  21   2   1   5   0  66  11   1   1   1   0   2   0   3   3   3   0   0   2   1  56
17  12   1   0   6   4   7  34  12   2   1   5   1  55  16   1   2   3   2  63  10   1   2   1   2   1   3   1   0   2   0   1   2   0  53
12  10   1   1   4   7   5  26  11   1   1   4   2  44  15   1   1   3   0  47   6   1   2   1   0   1   3   3   1   2   3   2   1   0  40
15  10   1   1   4   2   5  24   8   1   2   4   0  48  19   2   1   3   0  59  11   1   2   1   0   3   2   2   3   3   1   2   0   1  50
18  12   1   1   7   0   7  35  12   2   2   7   0  58  17   2   3   4   0  61   8   1   2   1   0   1   1   0   1   3   3   2   0   1  52
14  10   1   1   6   4   6  28  12   2   0   6   2  57  20   2   1   5   0  61   7   0   1   1   0   2   1   0   3   3   1   0   0   2  52
17  12   1   0   5   4   5  32  12   2   2   5   1  52  16   1   2   4   3  61  10   1   2   1   0   0   0   2   0   0   1   0   0   0  51
15  11   2   1   5   4   5  27  10   1   1   5   1  56  20   1   1   4   0  67  11   1   3   1   0   0   1   1   1   1   0   0   0   2  57
10   8   1   1   5   3   5  26  12   2   3   5   3  51  17   1   3   3   0  51   5   1   1   1   0   3   0   3   1   3   1   0   2   1  44
20  14   2   0   6   2   6  41  14   2   1   6   0  70  22   2   2   4   0  73   7   1   1   1   0   3   3   0   1   1   2   1   1   1  62
11   9   1   0   3   3   3  20   8   1   2   2   3  24   6   0   2   1   2  29   7   2   1   0   5   0   0   3   1   2   0   0   2   0  25
19  13   2   2   6   2   7  34  12   2   0   6   0  66  22   2   2   4   0  67   6   0   3   1   0   3   3   1   3   0   2   0   2   1  57
13  10   2   3   5   0   5  24   9   1   3   6   0  44  15   0   2   5   0  58  12   1   3   2   0   3   3   3   3   0   3   2   2   0  50
15  11   1   0   6   4   6  29  11   1   1   6   1  47  15   1   3   4   2  57  10   0   1   2   0   2   1   2   0   3   3   0   0   2  48
11   9   1   0   3   3   4  17   7   1   3   3   0  40  16   1   2   2   0  50  11   0   2   1   0   0   0   2   0   2   0   0   0   0  42
13  10   2   1   2   8   4  15   4   1   3   1   8  29  11   2   2   1   3  22   0   1   2   0   3   3   0   3   2   0   0   1   2   0  19
10   9   1   0   3   6   5  25  11   2   0   2   5  40  12   1   3   2   1  47   9   0   2   1   0   0   0   0   3   2   3   1   0   0  40
11   9   1   1   3   4   4  23  10   1   1   3   1  45  15   1   3   2   0  56  11   1   2   1   0   3   1   2   3   3   1   1   1   1  47
18  12   2   0   4   3   4  26   8   0   0   4   0  51  18   2   2   3   0  53   7   0   3   1   0   1   2   0   1   0   1   1   0   1  45
4   5   0   1   3   7   5   9   6   2   3   2   3  27  13   1   1   2   1  38  10   2   2   1   1   1   1   3   1   0   0   1   1   0  32
16  12   2   2   6   5   7  28   9   1   0   6   5  54  19   2   3   4   2  57   8   1   3   1   0   3   0   3   3   2   1   2   2   0  48
18  12   2   1   3   2   3  27   8   1   2   3   0  44  14   2   2   2   0  53  10   2   1   1   0   1   3   0   0   3   2   2   0   2  45
14  11   1   1   5   6   6  27  11   2   3   5   3  49  16   2   1   3   2  54   7   2   1   1   0   3   3   3   1   2   1   0   2   0  46
10   8   2   3   2   8   4  18   8   2   1   2   3  23   7   3   2   1   0  17   0   2   3   0   0   3   3   3   3   3   2   2   1   2  14
14  10   1   2   5   0   5  30  11   1   1   5   0  62  22   3   2   4   0  66   8   0   3   1   0   2   0   0   1   2   0   0   1   1  56
13  10   2   1   5   1   6  25  10   1   1   6   0  48  18   2   1   4   0  59  12   1   1   1   0   3   2   2   2   1   2   2   0   2  50
23  15   2   1   7   3   7  39  12   1   1   7   0  71  23   2   2   5   0  81  11   1   1   2   0   3   2   1   0   1   3   1   2   2  68
9   7   0   3   5   2   6  22  11   1   0   5   0  47  18   2   1   4   0  56  11   2   2   1   0   2   1   1   0   3   0   0   0   1  48
14  10   2   1   5   5   5  25   9   1   1   5   1  52  19   1   1   3   0  61  10   0   3   1   0   1   1   0   2   0   1   2   1   0  52
13   9   2   0   2   8   7  25  10   3   3   2   4  38  10   2   1   1   0  44   8   0   1   1   0   1   1   3   2   2   1   2   1   0  37
21  14   2   1   5   2   4  36  12   1   0   5   2  53  14   1   2   3   1  53   6   1   2   1   0   0   0   3   2   3   2   0   1   1  45
9   7   1   1   2   6   3  21  10   2   1   2   3  35  12   2   2   1   0  29   1   0   2   0   0   0   2   2   2   3   1   0   0   1  25
11   9   1   1   4   1   4  21   8   1   1   3   0  45  17   1   1   2   0  42   3   1   2   0   0   0   3   1   2   0   0   0   2   0  36
0  1  2  1  0  8  4  0  1  1  2  0  4  2  3  2  1  0  0  0  0  0  2  0  0  3  2  3  2  1  3  2  2  2  0
16  11   2   2   4   3   5  36  14   3   1   4   0  58  17   1   1   2   0  62   9   1   1   1   0   1   1   2   1   3   0   2   0   2  52
12   9   1   1   4   4   5  22   9   1   3   4   5  47  18   2   2   2   1  54   8   0   2   1   0   0   0   2   1   3   2   0   0   2  46
16  11   1   2   4   2   4  26   9   1   2   3   0  38  11   1   3   2   0  46   8   0   3   1   0   2   3   2   3   2   3   0   1   0  39
17  13   2   1   6   0   6  35  13   3   1   6   0  61  19   1   1   4   0  68  10   1   2   1   0   0   2   1   2   3   1   1   2   2  58
17  12   1   1   7   1   6  33  12   2   2   7   0  57  19   2   3   5   0  73  14   0   1   2   0   0   3   3   1   2   1   0   2   0  62
16  11   1   1   4   3   4  32  12   3   1   5   0  51  15   2   3   3   0  56   9   0   2   1   0   3   1   3   0   2   2   2   2   0  47
15  11   1   1   4   5   4  29  11   2   3   4   1  45  13   2   2   2   0  51   9   1   2   1   0   2   1   1   2   2   2   0   2   1  43
18  13   1   0   5   5   6  29  10   2   2   5   0  55  19   2   1   4   0  63  10   0   3   2   0   1   3   3   1   0   0   1   1   0  53
13  10   1   2   5   6   5  30  13   2   1   5   2  55  18   1   1   4   0  56   6   0   3   1   0   2   2   3   3   1   3   0   1   1  48
18  12   1   1   7   4   7  28   9   1   0   6   4  56  21   2   1   3   0  59   7   0   2   1   0   1   0   1   2   2   0   2   1   1  50
14  11   3   1   3   1   3  30  12   3   1   3   0  49  15   1   1   2   0  55   9   0   2   1   1   3   3   1   3   3   0   2   1   2  47
17  13   2   1   5   7   6  36  13   2   0   5   4  59  17   2   1   3   0  63   8   0   2   1   0   1   1   0   2   1   2   1   0   1  53
19  14   2   1   6   2   5  35  12   2   1   5   2  52  14   1   2   3   4  58   8   0   2   1   4   0   0   2   0   1   0   0   0   1  49
13  10   1   0   5   4   6  26  10   2   2   5   0  53  19   1   1   3   0  63  11   2   2   1   0   1   2   0   0   0   3   1   1   0  54
10   8   1   1   5   4   6  21  10   1   1   5   0  49  19   2   1   3   0  53   7   0   3   1   0   1   3   0   1   0   0   2   0   1  45
0  0  2  1  0  8  3  0  1  1  2  0  2  4  5  1  2  0  5  1  0  1  3  0  0  0  2  3  0  2  2  1  1  1  1
16  11   1   1   6   4   5  27  10   2   1   4   7  34   8   1   2   1   8  26   0   1   1   0   0   3   0   0   0   1   3   1   0   1  22
22  15   2   1   5   1   6  30   8   0   2   6   0  50  16   1   3   5   0  66  14   1   2   2   0   2   1   1   2   2   2   0   1   0  56
13  10   1   2   6   3   6  25   9   2   2   5   2  41  13   1   1   3   5  37   2   1   3   0   8   3   2   3   0   2   0   2   1   0  31
16  12   2   1   4   0   4  24   8   1   1   4   0  54  21   2   1   3   0  64  11   2   3   1   0   3   1   1   0   2   1   2   1   1  55
9   7   0   1   4   4   4  22   9   1   1   3   6  39  13   1   1   2   2  46   9   1   1   1   0   1   0   1   2   0   3   1   1   1  39
7   6   1   2   2   0   3  21  10   2   0   2   0  38  13   2   2   1   0  39   5   1   2   0   0   3   0   0   0   2   1   0   1   1  33
22  15   3   1   6   3   6  40  14   2   1   6   0  57  15   1   1   4   0  66  11   1   3   1   0   2   3   3   1   2   2   0   2   0  56
14  10   1   2   6   4   7  25   9   1   1   4   7  38  11   2   2   1   7  30   0   1   2   0   3   3   0   3   0   2   2   2   2   0  26
14  10   1   1   4   0   4  26  10   1   3   4   0  48  16   0   1   3   0  53   8   1   1   1   0   1   3   2   0   1   3   1   0   2  45
11   9   1   0   3   1   4  19   6   1   2   2   0  36  14   1   3   2   0  29   0   1   1   0   0   1   0   1   0   2   3   2   2   1  25
13  10   1   2   5   6   6  23   8   2   3   3   6  37  11   1   3   2   2  36   4   1   1   0   0   0   0   3   2   3   3   0   2   2  30
5  5  2  1  1  8  7  6  3  1  1  0  6  3  1  2  3  0  2  0  0  0  1  0  0  1  2  2  2  3  3  2  1  2  0
13  10   2   1   3   7   5  24   9   2   2   3   1  35  11   1   2   2   0  43   8   2   3   1   0   1   2   3   2   1   1   1   0   2  36
12   9   1   1   3   1   3  21   9   2   1   3   0  35  12   1   1   2   1  45  10   1   2   1   0   1   2   3   0   1   2   1   1   2  38
13  10   1   1   5   3   6  30  12   2   1   4   0  48  13   1   2   3   0  51   6   1   3   1   0   3   3   2   3   1   3   2   0   1  44
17  12   1   2   6   3   7  29  10   2   2   7   0  55  20   3   3   5   0  65  11   1   2   2   0   3   2   3   2   0   0   2   2   0  55
17  12   2   1   4   3   4  31  11   2   2   4   0  47  13   1   2   3   0  56  10   1   2   1   0   2   1   3   1   3   3   0   2   2  47
21  14   3   1   4   6   4  33  10   1   1   5   2  47  12   0   3   3   0  56  10   0   1   1   0   3   2   2   3   3   0   2   0   2  47
12   9   1   1   6   2   6  31  13   2   0   6   0  52  16   1   2   4   0  61  11   0   2   1   0   2   3   1   1   0   3   1   2   1  52
13  10   1   1   6   4   6  27  10   2   2   6   0  47  15   1   1   4   0  49   7   1   2   1   0   1   3   3   0   3   1   2   1   2  42
10   8   1   2   5   4   6  29  13   2   0   5   2  52  17   1   1   3   3  53   5   0   1   1   0   2   1   1   0   1   1   1   2   1  45
8   7   1   1   2   8   4  20  10   2   1   2   6  42  17   2   2   2   0  48   7   0   2   1   0   3   1   1   3   3   2   2   1   2  41
18  12   1   0   4   6   5  35  12   2   1   3   6  57  17   1   1   2   1  59   7   1   2   1   0   1   0   1   1   1   3   2   2   1  50
11   8   1   3   5   2   5  26  11   2   1   5   0  50  17   3   1   3   0  51   6   1   3   1   0   3   1   1   1   1   0   2   2   2  43
10   8   1   3   4   0   4  26  11   1   1   4   0  45  14   1   2   3   0  58  12   1   2   1   0   3   2   2   3   3   3   2   0   2  49
14  10   1   1   5   0   6  30  12   3   1   5   0  51  16   2   1   3   0  60   9   0   3   1   0   2   3   1   1   0   0   0   2   1  51
24  16   3   1   7   3   7  34   9   1   1   7   3  61  20   1   2   5   0  72  12   1   2   2   0   1   0   2   2   0   3   0   0   0  61
15  11   3   1   3   8   6  28  10   1   2   3   6  34   7   2   2   1   5  32   3   0   1   0   3   3   2   2   0   3   3   1   0   2  27
12   9   1   3   7   0   6  25  11   1   1   6   0  55  21   1   1   4   0  60   8   0   2   1   0   3   2   3   1   1   3   2   2   2  51
21  14   3   0   3   5   4  31   9   1   0   4   1  60  21   3   2   3   0  64   8   0   1   1   0   0   1   1   1   2   3   1   2   1  55
9   7   1   1   2   8   5  20   8   1   1   2   1  38  13   1   2   2   0  49  11   1   2   1   0   1   3   2   3   3   1   0   0   2  42
8   7   0   1   4   1   4  20   9   1   1   4   0  46  18   2   3   3   0  47   6   1   1   1   0   3   2   0   0   2   3   2   1   0  40
10   8   1   3   4   2   5  27  12   2   2   4   0  56  21   2   2   3   0  63   8   0   2   1   0   2   2   3   1   3   2   0   1   1  53
12   9   1   2   6   0   6  30  13   2   1   6   0  58  21   2   2   4   0  62   8   0   2   1   0   0   2   1   2   1   1   0   2   2  53
12   9   1   2   5   6   5  25  10   1   0   6   0  48  18   1   3   5   0  64  14   1   2   2   1   1   2   0   2   3   0   0   0   1  54
17  12   2   1   4   0   4  31  11   2   0   3   0  41  11   1   1   2   0  44   6   1   1   1   0   2   3   1   3   0   0   0   2   1  38
3  4  2  1  1  8  3  6  4  2  2  0  8  2  1  1  2  0  3  0  0  1  2  0  0  1  0  1  2  0  1  1  2  0  0
0  2  2  2  0  8  6  0  0  2  2  0  8  3  4  0  2  0  3  1  1  1  3  0  0  3  0  3  3  2  2  2  2  1  1
7   6   0   1   2   8   5  19   9   2   1   2   3  39  16   2   2   2   0  43   6   1   2   1   0   3   2   0   0   1   1   1   1   1  37
10   8   1   1   4   1   4  27  13   3   1   3   0  51  17   2   1   2   0  60  10   1   2   1   0   2   3   3   3   0   2   0   2   0  51
12   9   1   1   4   5   4  22  10   1   0   4   1  47  18   2   3   3   0  55  10   1   3   1   0   1   3   2   1   2   1   2   0   0  47
16  11   1   1   6   3   6  31  11   2   3   5   0  52  16   1   3   3   0  61   9   1   1   1   0   2   2   3   2   3   2   0   1   2  52
7   6   0   1   2   8   6  15   7   1   1   2   2  22   8   2   3   1   0  22   4   1   2   0   0   0   2   2   3   3   2   0   0   2  19
15  11   2   1   5   0   5  28  10   2   2   5   0  56  20   2   2   3   0  58   7   0   2   1   0   3   2   2   1   1   1   2   1   2  49
12   9   1   2   4   3   5  22   8   1   2   4   0  43  15   1   2   3   0  44   6   0   2   1   0   2   3   3   3   2   2   1   1   1  38
13   9   0   1   7   4   7  30  12   2   3   7   0  61  21   2   1   6   0  75  14   1   2   2   0   3   3   3   0   3   2   1   2   2  64
15  11   1   0   6   6   6  30  12   2   1   5   1  56  19   2   2   4   1  61   8   0   3   1   0   1   2   0   0   1   1   2   0   1  52
14  11   1   2   5   3   5  26  10   2   0   4   0  45  14   2   3   3   0  52   9   1   3   1   0   2   1   0   1   3   2   1   0   1  44
7   7   1   2   4   1   4  19  10   1   2   4   0  40  15   3   1   2   0  50  10   1   1   1   0   0   1   3   3   1   0   0   2   2  42
10   8   1   2   5   2   5  21   8   0   1   6   0  49  19   3   2   4   0  58  11   1   3   1   0   1   1   0   0   1   0   1   0   2  49
12  10   1   0   6   0   6  24   9   1   2   5   0  49  18   2   2   4   0  51   6   0   1   1   0   1   2   1   1   1   3   2   1   2  43
7   6   0   1   2   7   4  18   8   2   1   2   1  30  11   1   1   1   0  27   2   1   1   0   0   0   1   1   3   0   2   0   1   1  23
12  10   2   1   6   6   6  26  10   2   1   5   0  46  15   1   2   3   2  55   9   1   1   1   0   0   3   3   0   3   2   0   1   2  47
10   8   1   3   5   5   5  18   8   0   2   5   3  39  16   2   2   3   0  43   6   2   1   1   0   3   2   1   1   3   1   1   2   2  36
12   9   1   1   4   2   4  16   6   0   2   5   1  35  15   2   3   3   0  41   7   0   2   1   0   0   0   1   3   3   2   0   1   2  35
10   8   1   3   3   6   4  16   6   1   2   1   8  25   8   2   1   1   6  19   0   2   3   0   4   3   0   2   2   1   1   2   0   2  16
16  11   2   1   7   0   7  32  12   1   2   7   0  60  20   1   2   5   0  74  13   1   1   2   0   1   0   3   1   3   3   1   0   1  63
16  11   1   1   4   3   4  33  13   2   1   5   1  52  15   1   3   4   1  59   9   1   1   1   2   0   2   1   0   3   0   0   2   2  50
11   8   1   2   6   4   6  28  14   2   1   5   0  48  15   1   3   3   0  58  10   1   2   1   0   1   2   0   3   3   3   1   0   1  49
21  14   3   1   4   2   4  34  11   2   2   4   5  56  18   3   2   3   0  59   6   0   2   1   0   3   0   1   3   2   3   2   2   0  50
13  10   1   0   5   0   5  25  11   1   2   5   0  50  18   1   2   4   0  60  11   1   3   1   0   1   3   3   0   0   1   2   2   1  51
11   9   1   1   3   4   4  17   6   0   3   3   0  33  12   1   2   2   0  42   9   1   2   1   0   0   1   2   2   2   2   0   0   1  36
14  10   1   3   5   5   5  20   6   1   0   2   8  32  10   2   1   1   0  29   1   2   2   0   0   2   0   0   2   0   1   0   1   0  25
10   8   2   1   2   7   4  18   7   1   1   2   0  37  15   2   1   2   0  31   0   1   2   0   0   1   3   3   3   1   2   2   2   1  26
17  12   2   2   6   3   6  33  13   2   1   6   3  50  14   1   2   4   0  61  12   1   2   1   0   3   0   1   1   3   1   1   2   2  52
18  13   1   0   6   5   6  30   9   1   3   5   1  46  14   1   2   3   0  58  11   1   1   1   0   3   1   2   1   1   2   2   1   1  49
16  12   2   0   5   5   6  33  12   3   2   6   0  61  20   2   3   4   0  65   7   2   2   1   0   0   2   0   3   2   1   0   0   0  55
7   6   1   2   3   7   6  12   6   1   0   1   8  30  13   2   1   1   1  27   3   1   3   0   0   2   0   0   2   0   3   0   0   0  23
15  11   2   1   4   3   4  25   8   1   1   4   0  49  18   2   2   3   0  57   9   1   3   1   2   0   2   0   0   3   0   0   0   2  48
14  10   1   1   6   1   6  24   9   2   3   6   0  53  19   2   1   4   0  59   9   2   2   1   0   3   1   3   3   1   0   2   2   2  50
17  11   3   1   3   0   3  29   9   2   2   3   0  45  12   1   2   2   0  42   3   1   2   0   0   0   3   2   0   0   3   0   0   0  36
5   6   1   1   2   1   3  17   9   2   1   2   0  37  14   3   1   1   0  31   0   0   1   0   0   2   1   3   1   0   3   0   2   1  26
19  13   2   1   5   2   5  33  11   2   0   5   1  51  15   1   2   4   0  59   9   1   2   1   0   0   1   0   2   1   0   1   0   2  50
21  14   1   0   6   0   6  40  15   2   1   5   0  59  15   1   1   3   0  67  11   0   1   1   0   0   3   0   0   3   1   0   0   1  57
11   9   1   1   5   0   6  26  11   2   0   5   0  52  19   1   1   3   0  59   8   1   3   1   0   1   2   1   2   1   0   2   2   2  50
15  11   1   1   5   3   6  26   9   1   3   5   0  48  18   2   2   4   0  57  10   1   2   1   0   1   2   0   2   1   3   2   0   1  48
19  12   2   1   5   4   5  32  10   1   3   5   0  53  16   1   2   4   0  60   9   0   2   1   2   3   2   3   3   3   0   2   2   2  51
12   9   3   2   2   7   3  19   7   1   1   1   8  27   8   2   1   1   7  21   0   1   3   0   8   2   0   3   0   1   0   0   2   2  17
18  12   1   1   7   5   7  28   9   1   3   6   0  51  16   0   1   5   0  53   6   0   1   1   0   0   3   3   3   2   1   0   2   0  45
20  14   2   1   6   2   5  31  10   1   1   7   0  53  16   1   3   5   0  74  17   2   2   2   0   1   1   0   2   3   1   2   1   1  63
16  12   3   1   4   0   4  29  10   1   0   4   0  44  13   2   2   2   0  50   8   0   3   1   0   0   2   0   1   3   3   0   0   2  42
7   6   2   2   1   8   6   9   3   2   2   0   4  15   6   2   2   0   0  16   4   1   2   0   0   2   1   2   2   2   1   0   1   0  14
12   9   1   0   5   3   6  23  10   1   1   5   0  45  17   1   2   3   0  49   7   0   2   1   0   0   2   0   1   3   3   1   0   2  42
13  11   1   1   6   0   7  29  13   2   1   6   0  54  19   1   2   4   1  58   8   1   1   1   0   2   1   3   0   3   2   0   2   2  49
17  12   1   0   7   2   6  31  11   2   1   7   0  57  19   1   2   5   0  68  11   0   2   1   0   1   3   2   0   3   2   1   0   2  58
20  14   3   1   4   5   4  37  12   2   2   4   0  63  19   2   1   3   0  69   8   2   1   1   0   0   3   1   2   2   2   0   2   0  59
10   8   1   1   3   1   4  27  12   2   1   4   0  45  15   2   3   3   0  53  10   0   2   1   0   1   1   0   3   3   1   2   0   1  45
11   9   1   1   5   0   4  32  15   2   0   5   0  51  16   2   2   3   0  54   6   1   2   1   0   3   3   1   3   1   1   1   2   1  46
19  12   2   1   3   2   3  28   8   1   1   2   1  37   9   1   1   1   0  32   1   1   3   0   0   3   1   3   3   2   1   2   2   0  27
16  11   2   1   5   5   6  32  12   2   3   5   0  59  20   2   2   4   0  63   8   1   2   1   0   1   1   2   1   3   3   2   1   2  54
20  14   2   1   5   4   6  32  10   2   3   4   0  58  19   2   2   3   0  67  11   1   1   1   0   2   2   3   3   3   2   0   1   1  57
15  11   2   2   4   7   5  30  11   2   0   4   2  50  15   1   2   3   0  55   7   2   3   1   0   3   1   1   2   1   0   2   2   2  47
15  11   1   3   5   6   6  27  10   2   2   4   3  45  15   2   3   3   0  51   8   0   2   1   0   3   3   3   2   2   0   2   1   1  44
14  10   2   2   4   7   6  25   9   1   2   4   5  42  14   2   3   2   1  52  10   1   3   1   0   2   3   3   3   2   2   0   1   1  44
16  11   1   0   3   4   4  27  10   2   1   3   0  41  12   1   2   2   0  45   7   2   3   1   0   1   1   0   3   0   0   0   0   0  38
18  13   3   1   4   1   3  30  11   1   3   5   0  61  21   2   2   4   0  67   9   0   2   1   0   0   3   3   1   1   0   0   2   2  57
8   7   0   1   4   4   5  19   8   1   1   2   7  33  13   2   1   1   0  37   7   0   3   1   0   3   0   3   3   3   3   2   1   2  31
11   9   1   3   4   6   5  28  12   2   2   5   4  58  21   2   2   4   0  56   6   1   2   1   0   3   1   1   3   1   3   2   2   2  48
14  10   1   0   6   1   6  30  12   1   1   5   0  55  18   2   2   3   0  62  10   1   1   1   0   0   3   1   1   2   2   0   2   0  53
8   7   1   1   2   8   6  14   5   2   2   1   8  21   7   2   1   0   8  14   0   1   2   0   8   3   0   3   0   2   0   2   2   1  12
13   9   2   1   2   7   4  22   8   1   1   2   3  29   7   2   2   1   0  22   0   1   2   0   0   3   1   0   1   3   2   2   0   2  19
18  12   2   1   7   0   6  30  10   2   1   6   0  61  22   2   2   4   0  61   6   0   3   1   0   3   3   1   2   3   3   0   1   2  52
10   8   2   1   2   7   3  21   9   2   1   2   1  39  14   2   2   1   0  35   1   0   2   0   0   1   3   0   2   3   2   1   0   1  30
14  11   2   1   5   1   6  32  13   2   2   4   0  53  16   2   2   3   0  62  10   1   1   1   0   2   1   3   1   2   1   0   1   0  53
16  11   1   1   5   5   6  25   8   1   2   4   3  38  11   0   2   2   0  34   2   0   2   0   0   0   1   2   2   0   3   0   0   0  29
18  13   2   0   5   1   4  31  11   2   1   5   0  48  14   2   3   3   0  56   9   1   2   1   0   0   2   3   0   3   3   0   2   2  47
12   9   1   1   5   1   5  30  14   2   1   6   0  51  16   0   2   5   0  64  13   1   2   2   0   0   3   3   1   3   3   0   1   1  55
7   7   0   1   6   1   6  19  10   1   1   6   1  42  17   2   2   4   1  49   9   0   2   1   0   0   0   3   0   3   1   0   2   2  41
12  10   1   3   7   4   7  31  14   3   1   4   7  50  15   2   3   2   7  53   7   2   1   1   6   3   0   0   0   3   1   2   0   1  45
21  14   2   2   6   2   5  40  14   2   1   5   0  67  21   3   1   4   0  78  11   1   2   1   0   3   2   1   3   3   1   0   2   2  66
22  16   3   0   5   1   6  33  10   2   3   5   0  52  15   1   2   4   0  57   8   1   1   1   0   0   2   2   0   3   1   0   0   2  48
8   7   0   0   5   6   6  30  16   3   1   5   2  50  16   1   2   4   0  52   6   1   3   1   0   0   3   0   3   1   2   0   0   2  44
16  12   2   1   3   2   3  32  12   3   2   3   0  50  15   2   2   2   0  53   6   0   1   1   0   0   2   3   2   0   3   0   2   1  45
19  12   2   1   6   0   6  33  12   2   2   6   0  56  17   2   3   3   0  63   8   0   1   1   0   1   2   3   0   2   2   2   2   0  54
14  11   2   1   5   3   5  24   9   1   2   5   0  54  20   2   3   4   0  62   9   2   3   1   0   2   1   0   2   3   2   1   0   2  53
17  11   1   1   5   2   5  39  15   2   0   5   0  61  17   2   2   4   0  65   9   1   3   1   0   3   2   3   2   2   2   2   1   0  55
18  13   2   2   7   3   7  30  10   1   1   7   0  57  19   3   3   5   1  67  12   1   2   2   0   0   3   2   0   3   1   0   1   1  57
18  13   2   1   5   6   6  19   3   2   1   0   8  14   0   2   2   0   8  15   3   1   2   0   7   3   0   1   0   0   1   2   1   1  12
13   9   1   3   4   7   5  20   6   1   2   1   8  29   9   1   1   1   6  23   1   0   3   0   0   3   0   3   2   1   3   2   2   2  20
17  12   1   1   6   5   6  37  15   2   1   6   0  65  21   2   1   4   0  73  11   0   1   1   0   1   1   1   2   2   3   0   2   0  62
12   9   0   1   3   8   6  21   8   2   1   2   3  32  10   2   2   1   0  24   0   2   2   0   0   1   3   3   3   1   1   2   2   1  21
9   8   1   1   5   7   6  22  10   2   3   5   3  42  15   1   2   4   0  45   6   0   2   1   0   0   2   3   3   1   3   0   1   1  38
11   8   1   2   5   1   6  22  10   2   1   5   4  52  21   2   2   4   2  58   7   1   2   1   0   3   0   1   0   1   0   2   2   1  49
13   9   1   3   4   4   5  19   7   1   1   3   0  37  14   1   2   2   0  29   0   0   2   0   0   3   3   0   1   3   3   1   0   2  25
10   8   1   1   5   0   6  20   9   1   2   6   0  39  15   1   3   4   0  57  15   2   2   2   0   1   3   0   2   3   2   2   0   2  49
16  12   1   1   7   1   7  33  12   2   1   6   0  59  19   1   3   5   0  68  12   0   2   2   0   1   2   3   1   3   0   0   1   2  58
11   9   1   1   6   1   6  28  13   2   2   7   3  53  18   1   1   5   0  77  18   2   1   2   0   2   0   2   3   2   2   0   0   0  65
14  11   1   2   6   2   7  29  13   2   2   6   3  53  18   1   2   4   4  59  10   1   2   1   0   3   0   1   0   0   1   2   1   0  50
13  10   1   1   3   1   4  18   7   2   0   2   0  33  11   3   2   1   0  32   3   0   1   0   0   3   3   0   1   1   1   2   0   2  28
9   8   1   1   5   0   4  19   9   2   2   5   0  36  13   0   2   4   0  48  11   1   2   1   0   3   3   3   2   3   2   1   0   1  41
11   8   2   1   2   7   3  20   7   1   1   2   1  35  12   1   2   1   0  37   5   3   2   0   0   1   2   0   3   0   1   2   0   0  31
7   7   1   2   2   8   6  19   9   2   1   2   2  38  15   2   2   2   0  30   0   1   3   0   0   3   3   0   3   3   2   1   1   1  26
8   7   0   2   4   4   4  24  12   2   0   3   5  44  16   1   1   2   0  58  13   2   3   1   0   1   0   1   3   3   0   1   1   2  50
13  10   1   1   6   0   6  27  10   1   0   6   0  41  13   0   2   4   0  55  12   2   2   2   0   0   3   0   3   2   2   0   0   0  47
8   6   0   0   4   7   6  25  12   2   1   4   0  48  17   2   2   3   0  57   9   0   2   1   0   0   3   2   3   0   1   0   1   0  49
16  12   2   0   4   1   5  26   9   2   1   3   3  42  13   2   2   2   3  42   5   0   2   1   1   1   0   1   0   3   1   2   2   1  36
15  11   2   1   3   6   4  23   8   2   1   2   7  35  10   1   1   1   4  27   0   1   2   0   1   3   0   1   2   2   1   1   1   1  23
7   6   0   1   3   7   5  20   9   2   1   3   2  35  13   2   2   2   0  43   9   0   2   1   0   2   1   3   2   0   2   0   2   0  36
20  13   2   1   7   2   7  39  13   2   1   6   0  71  23   2   2   4   0  77  10   0   1   1   0   3   2   3   0   1   1   0   1   2  66
19  13   2   0   6   2   5  35  12   2   0   6   0  56  16   1   2   5   0  75  16   1   1   2   0   1   3   1   3   1   0   2   2   2  63
19  13   2   1   4   1   4  32  11   1   0   4   0  51  15   2   1   2   0  60  11   2   3   1   0   0   2   1   3   1   0   0   2   0  51
7   7   2   1   1   8   6  14   6   1   1   1   2  30  12   1   2   1   1  23   0   0   1   0   0   0   2   1   1   3   3   1   2   1  19
13   9   1   1   4   4   5  20   7   1   2   4   0  35  12   0   3   3   0  43   8   0   2   1   0   0   3   1   2   2   1   0   2   1  37
12   9   1   0   4   4   4  29  13   3   0   4   0  58  20   3   1   3   0  68  12   1   1   1   0   0   3   0   1   1   0   0   1   2  58
0  0  1  0  0  8  6  0  2  1  0  0  7  0  0  2  1  0  4  0  1  1  2  0  0  0  0  1  3  0  2  1  1  1  0
8   7   0   1   2   7   4  19   8   2   1   2   1  44  17   2   1   2   0  53   9   1   2   1   0   2   3   1   1   1   3   0   1   2  45
7  6  2  2  1  8  5  7  3  2  2  0  8  4  2  1  3  0  6  0  1  1  2  0  7  0  0  2  2  3  0  0  1  1  0
13  10   1   0   3   7   6  28  11   2   1   3   0  46  15   2   2   2   0  50   7   2   2   1   0   0   3   0   2   2   2   0   1   0  43
9   7   1   1   2   7   3  26  11   2   0   2   1  31   7   1   1   1   0  33   5   0   1   0   0   1   2   0   2   3   3   2   1   2  28
11   9   1   1   4   3   4  20   7   1   2   3   0  41  15   2   2   2   0  44   7   0   1   1   0   0   2   0   0   3   1   1   0   1  38
12   9   1   1   3   3   3  30  13   2   0   4   0  55  18   2   2   3   0  65  10   0   1   1   0   0   2   0   0   1   1   0   0   1  55
8   6   0   1   3   7   7  16   7   1   3   2   6  24   7   2   3   1   1  27   5   1   1   0   0   3   1   2   3   2   3   0   0   1  23
20  14   3   1   6   0   6  31  10   1   3   6   0  53  16   1   2   4   0  57   6   0   3   1   0   1   2   1   2   1   0   1   2   1  48
19  13   2   1   6   2   6  34  12   2   1   6   0  58  18   2   2   4   0  66  10   1   2   1   0   0   3   2   1   1   1   0   1   2  56
17  11   1   1   6   0   6  26   8   1   1   6   0  57  21   1   3   5   0  68  12   1   2   2   0   1   2   3   3   3   2   1   2   2  58
18  12   2   1   5   0   4  33  12   2   1   6   0  53  16   0   2   4   0  58   7   0   2   1   0   0   2   2   2   3   3   0   0   2  49
15  12   1   1   6   2   6  32  13   3   1   6   0  48  14   0   3   4   0  59  10   0   2   1   0   1   3   3   3   2   0   2   1   0  50
8   7   1   2   3   3   3  19   9   1   2   3   0  40  15   2   3   3   0  45   8   1   2   1   0   3   3   3   1   2   2   1   2   0  39
16  11   1   3   5   7   7  22   6   1   1   1   8  32  10   2   1   1   2  24   0   1   1   0   0   2   0   1   2   1   3   0   1   2  20
13  10   2   1   3   8   7  21   7   1   3   3   5  36  12   2   2   2   2  50  13   1   2   1   0   1   0   2   2   1   3   2   0   2  43
14  10   1   1   4   6   4  28  10   2   1   3   6  49  17   2   1   2   0  51   6   0   2   1   0   1   0   0   3   1   2   2   1   1  43
8   7   1   1   2   8   5  14   6   1   1   1   8  24   8   2   1   1   1  21   2   1   2   0   0   3   0   1   3   3   2   2   1   1  18
22  14   2   1   5   1   5  38  12   2   1   4   0  52  12   1   1   2   0  58   8   0   3   1   0   1   3   0   2   2   0   2   1   0  50
17  12   2   1   4   0   4  27   9   1   1   4   0  54  19   3   2   3   0  59   9   0   1   1   0   0   0   3   2   2   3   0   2   0  51
13  10   2   3   3   7   5  23   9   2   1   3   4  41  14   1   3   2   1  46   8   0   1   1   0   2   1   3   3   3   2   0   1   1  39
20  13   2   1   7   1   6  30   8   0   1   6   0  55  19   2   3   4   0  62  10   2   3   1   0   1   1   1   1   3   1   2   1   1  53
13  10   2   2   5   5   6  26  11   2   1   6   0  56  22   3   2   4   0  65  10   1   2   1   0   1   3   0   1   3   1   2   0   2  56
16  12   2   2   6   6   6  17   4   1   2   1   8  11   0   2   3   0   8   6   0   0   2   0   2   2   0   1   0   3   3   0   2   1   5
