8   7   0   1   3   2   3  24  11   2   1   3   1  35  11   1   2   2   0  45  10   2   2   1   0   1   0   3   1   2   1   1   2   0  38
13  10   1   1   6   4   6  29  12   2   2   6   0  58  21   2   1   4   0  67  10   1   1   1   0   3   1   0   2   3   3   1   0   2  57
15  11   1   1   6   5   7  28  10   1   1   6   0  57  21   2   2   4   0  66  10   0   1   1   0   1   2   2   3   1   0   2   0   2  56
16  11   2   3   5   4   5  33  13   2   0   4   6  52  15   2   3   2   0  58   8   0   2   1   0   3   0   0   3   3   1   2   1   1  50
19  13   2   1   5   1   5  30  10   1   3   5   0  47  15   1   2   3   0  50   7   1   2   1   0   2   3   3   2   1   1   0   1   1  42
18  12   2   0   7   4   6  34  13   2   1   6   0  56  17   0   2   4   0  70  14   2   1   2   0   0   3   3   3   3   1   0   2   1  60
17  13   2   2   6   1   5  30  10   2   2   6   2  50  16   2   2   4   0  53   7   1   1   1   0   0   0   3   3   0   2   0   2   0  45
15  10   1   1   7   3   7  38  16   3   1   6   0  57  17   2   2   4   0  56   5   1   3   1   0   1   3   0   3   0   1   0   0   1  47
10   8   1   3   6   4   6  13   5   1   1   2   8  26  11   2   1   1   5  31   6   2   2   0   0   3   0   1   0   0   3   1   1   1  26
8   7   0   1   4   6   5  12   5   1   1   1   8   6   0   2   3   0   8   0   0   1   1   0   5   1   0   0   0   2   3   2   1   0   0
14  11   2   1   3   4   3  29  12   2   0   3   4  45  14   2   2   2   3  38   0   1   3   0   5   3   0   0   0   2   0   1   0   1  33
11   8   1   1   4   1   4  19   8   1   1   4   0  39  15   0   3   3   0  45   8   0   1   1   0   0   3   1   0   3   2   1   2   2  38
14  10   1   1   3   7   4  24   8   1   1   3   2  49  18   2   2   2   0  53   8   0   2   1   0   1   2   1   1   2   3   1   2   1  45
13   9   1   1   7   5   7  30  12   2   3   6   1  48  15   0   1   4   0  56   9   0   2   1   0   2   1   3   3   3   3   0   2   2  47
18  13   3   3   6   0   6  33  12   3   3   5   0  46  13   1   2   3   0  54   8   0   3   1   0   3   1   3   0   2   0   1   1   0  46
4  4  2  2  1  8  5  1  0  2  1  0  8  0  2  1  2  0  6  0  0  1  3  0  8  2  0  2  1  2  0  0  1  0  0
13   9   1   1   3   5   3  28  10   2   1   3   0  49  16   3   1   2   0  58   9   0   1   1   0   0   1   1   0   2   0   0   2   0  50
14  11   1   1   6   4   7  36  16   3   1   6   4  68  22   2   2   4   0  78  11   2   1   1   0   2   0   0   2   2   3   0   1   0  66
22  14   2   0   7   4   7  41  13   2   1   6   0  67  19   2   3   4   0  75  10   1   1   1   0   0   3   2   1   2   3   0   1   0  63
14  10   2   0   3   3   3  25   8   1   2   2   0  36   9   2   3   1   0  29   0   1   2   0   0   0   2   1   0   3   2   0   1   2  25
7   7   1   1   2   8   6  15   8   2   1   2   4  28  11   1   2   1   3  28   4   0   1   0   0   2   2   0   0   1   3   0   0   1  24
17  12   2   1   4   4   4  33  12   2   1   4   1  51  15   3   3   3   0  63  11   1   1   1   0   2   1   1   3   2   1   0   2   0  54
19  13   2   1   4   5   4  35  12   2   0   5   1  60  18   1   2   4   0  62   7   1   1   1   0   2   2   1   2   3   2   1   2   1  53
5   4   1   2   1   8   5   4   3   0   1   1   7  15   9   1   2   1   4  19   4   1   2   0   3   1   0   0   1   0   0   2   1   1  16
9   8   0   3   6   2   6  21  10   1   2   5   3  43  17   1   2   4   1  48   8   1   1   1   0   2   0   3   2   2   2   0   2   0  41
15  11   2   2   5   4   5  27   9   2   3   4   6  54  20   2   2   3   3  62  10   0   2   1   0   3   0   2   2   1   2   0   0   1  52
15  11   1   3   7   1   6  27   9   1   1   7   0  54  20   2   2   5   0  70  14   1   1   2   0   3   3   2   1   1   2   1   0   1  59
11   9   2   1   2   2   3  20   8   1   1   2   0  38  13   2   2   2   0  45   8   0   1   1   0   0   3   1   2   3   1   0   2   1  38
12   9   1   1   4   2   4  28  12   3   0   4   1  44  14   2   3   3   0  55  11   1   2   1   0   0   0   1   3   3   2   0   1   1  47
16  12   2   0   4   0   4  28  11   2   1   3   0  42  13   2   1   2   0  49   8   2   1   1   0   1   3   1   0   0   0   2   1   0  42
20  14   3   2   6   0   6  38  13   2   1   5   0  56  15   1   2   3   0  63   9   1   2   1   0   1   3   0   2   1   3   2   0   1  54
17  13   1   0   6   1   6  43  17   3   1   6   0  66  18   1   1   4   0  68   6   1   2   1   0   1   2   1   0   0   3   2   2   0  58
17  13   1   0   7   3   7  31  11   1   3   7   0  54  17   1   1   4   0  65  12   1   1   1   0   1   1   3   2   1   1   1   2   2  55
12   9   1   1   6   1   7  25  10   1   1   5   0  57  21   2   1   4   0  58   7   1   3   1   0   3   3   1   1   3   3   1   1   2  49
15  10   1   1   5   2   5  37  16   3   1   5   0  70  24   3   2   4   1  77  10   0   2   1   3   1   0   3   0   3   0   2   2   1  65
5   5   1   0   1   8   6  12   6   1   2   1   1  20   8   1   2   1   0  14   0   0   1   0   0   1   3   1   1   3   1   2   2   2  12
9   7   1   1   2   8   5  21   9   3   3   2   6  40  15   2   1   2   0  50  10   1   2   1   0   1   2   2   3   0   3   1   1   0  42
6   6   0   1   4   3   4  20  11   1   0   4   0  41  16   1   3   3   0  53  11   0   2   1   0   2   3   1   1   2   2   1   2   0  45
8   7   0   1   6   2   6  18   9   1   2   5   0  44  19   2   1   4   0  60  14   1   1   2   0   1   2   1   1   2   3   0   2   0  51
8   7   1   1   3   7   5  15   7   1   1   3   4  35  15   2   1   2   6  29   0   1   2   0   7   0   1   3   0   1   0   0   1   2  24
13  10   2   1   3   7   5  23   8   1   2   3   3  45  17   3   2   2   0  51   9   0   2   1   0   1   3   0   3   1   3   2   1   1  43
10   8   1   1   4   1   4  21   9   1   3   4   0  39  15   1   2   3   0  52  11   0   1   1   0   1   1   2   1   3   3   1   0   2  45
20  14   2   1   6   4   6  28   7   2   3   2   8  44  12   2   1   1   4  39   3   2   2   0   4   2   0   3   2   0   0   1   2   0  33
18  12   1   1   7   3   6  31  11   2   2   7   0  60  22   2   2   6   0  67  10   0   2   2   0   2   3   3   1   2   3   0   2   0  57
22  14   2   1   5   5   6  36  11   1   1   5   1  63  19   2   1   3   0  66   8   0   2   1   0   1   1   0   1   1   2   2   0   1  56
18  12   2   1   7   2   6  31  12   2   0   6   0  53  18   2   1   5   0  53   6   0   1   1   0   0   1   1   1   2   2   0   2   0  45
8   6   2   2   1   8   5  13   5   3   2   1   0  17   6   2   3   1   0  15   2   1   1   0   0   2   3   2   3   2   3   0   1   1  13
13  10   1   1   4   1   4  31  12   3   1   4   0  54  18   1   2   3   0  63  11   1   1   1   0   3   3   2   2   1   1   2   1   2  54
17  12   3   1   5   4   6  30  10   2   1   4   0  50  16   2   3   3   0  59   9   0   1   1   0   1   3   1   2   2   0   1   2   0  50
2   4   0   1   1   8   5   5   5   1   2   1   1  16   9   2   1   1   0  17   4   1   2   0   0   0   2   3   3   1   0   0   2   2  15
15  10   1   1   7   0   7  27  10   1   1   6   0  51  18   1   2   4   0  55   7   0   3   1   0   2   3   3   1   3   2   0   2   2  47
19  13   1   0   6   2   6  36  13   2   2   6   0  61  19   2   2   4   0  69  11   2   1   1   0   0   1   1   0   2   0   0   1   0  59
11   9   1   3   5   1   6  25  11   2   3   5   4  45  15   2   3   3   5  54  10   0   2   1   7   3   0   2   0   3   0   1   0   1  46
5   6   1   1   2   7   4  17   9   2   2   2   4  31  11   1   2   1   0  30   4   0   2   0   0   0   1   3   2   2   1   0   1   1  25
12  10   2   3   7   3   6  21   8   1   2   6   2  45  17   1   1   4   2  53  10   1   3   1   0   2   2   3   1   2   2   1   1   0  45
14  11   1   1   4   7   6  24   8   1   1   3   1  45  15   2   2   2   2  49   7   1   2   1   0   1   2   2   0   2   1   1   0   0  41
14  10   1   1   6   3   5  28  10   1   2   5   0  54  19   1   1   4   0  56   7   0   2   1   0   3   2   3   3   1   0   2   1   1  48
14  11   2   1   5   6   6  19   6   0   1   3   8  20   4   2   3   0   8  21   3   0   3   0   8   3   0   1   0   2   0   2   2   1  17
18  12   2   2   6   6   6  33  12   1   0   6   0  56  17   2   2   4   0  61   9   0   3   1   0   0   3   0   3   1   1   1   0   1  51
12   9   1   1   5   6   6  27  11   1   1   5   6  55  20   2   1   3   3  59   8   0   2   1   0   1   0   3   1   3   2   1   1   1  50
19  13   1   0   7   5   7  34  12   1   0   7   0  71  25   3   1   5   0  83  12   0   2   2   2   0   2   1   3   3   0   0   1   2  71
16  11   3   2   3   7   4  31  11   3   2   3   3  51  15   1   2   2   0  49   4   0   2   0   0   2   2   3   3   1   3   0   1   1  41
16  11   1   0   3   0   4  28  10   2   2   3   0  46  14   2   3   2   0  53   8   1   1   1   0   1   2   3   1   3   1   2   2   2  45
12  10   1   0   4   6   5  23   8   1   1   3   5  37  12   1   3   2   5  30   0   0   2   0   7   0   0   1   0   2   0   1   1   1  25
11   9   1   3   4   2   3  23  10   2   1   3   0  43  15   1   2   3   0  53  10   1   2   1   0   3   1   1   1   2   1   1   2   0  45
9   8   2   0   2   7   3  23  11   3   0   2   2  35  10   1   3   1   0  44   9   1   1   1   0   0   3   1   1   2   3   1   2   0  38
14  11   1   1   5   3   6  28  11   1   0   5   0  56  19   2   2   3   0  66  11   1   2   1   0   3   1   1   0   3   1   2   1   2  56
20  14   2   2   6   0   6  31   9   1   3   7   0  54  18   2   2   4   0  57   7   1   1   1   0   1   2   3   3   1   3   2   1   2  48
17  12   1   0   7   2   6  28   9   1   0   6   4  50  16   1   2   4   0  56   8   1   2   1   0   1   0   1   3   3   2   0   1   1  47
13  10   1   3   5   2   5  28  12   2   3   5   0  50  17   2   3   3   0  54   8   0   2   1   0   3   1   2   1   3   1   2   0   1  46
12   9   1   1   3   8   6  25  11   2   0   3   5  45  16   2   2   2   0  50   8   0   2   1   0   0   1   0   2   2   2   0   0   1  42
9   8   1   2   7   5   7  22  11   2   3   5   5  43  16   2   2   3   5  52  10   1   1   1   2   2   0   1   0   3   3   0   2   2  44
13  10   1   1   5   1   6  32  13   2   0   4   4  51  15   2   2   3   0  57   8   1   3   1   0   3   0   1   2   1   0   1   1   2  49
10   8   1   1   5   5   6  26  12   2   0   4   0  51  18   3   1   3   0  64  14   2   2   1   0   2   3   0   0   1   2   0   0   1  55
25  17   3   2   7   5   7  42  13   2   1   6   2  67  18   2   2   4   1  67   7   1   1   1   0   3   1   3   1   0   1   2   2   0  57
12  10   1   0   3   6   4  29  12   2   1   3   6  50  16   2   1   2   1  60  10   0   3   1   0   1   0   3   3   2   1   2   1   0  51
12   9   0   0   6   2   5  25  11   2   3   7   0  53  19   2   1   5   0  64  12   2   2   2   0   1   1   3   2   1   1   2   2   2  54
19  14   2   1   6   0   6  35  12   1   1   6   0  63  22   2   2   4   0  75  12   1   2   1   0   0   2   3   2   2   2   0   2   0  63
8   8   1   3   4   5   4  19   9   1   2   3   7  33  12   2   3   2   2  39   9   2   2   1   0   3   0   3   3   3   1   1   2   1  33
7   6   0   3   6   2   6  23  12   2   2   5   0  48  19   1   1   3   0  62  13   2   1   1   0   1   2   3   2   2   1   2   2   1  52
18  12   2   2   5   0   5  29   9   1   1   5   0  46  15   1   2   3   0  52   8   0   2   1   0   3   3   1   2   2   3   2   2   0  44
19  13   2   0   5   2   5  27   9   1   3   6   0  53  19   2   1   4   0  65  12   1   1   1   0   0   1   3   2   3   1   0   1   1  56
7   6   0   1   5   5   6  20   9   1   1   4   3  39  15   2   2   2   2  47   8   0   2   1   0   1   1   2   1   1   3   2   0   2  40
22  15   3   0   5   7   7  39  13   2   0   5   5  58  16   1   2   4   1  61   8   0   2   1   0   1   1   1   1   1   1   2   1   1  52
7   7   0   3   4   4   4  16   8   1   1   3   6  36  15   1   3   2   1  39   5   0   2   1   0   3   0   2   3   2   2   2   0   0  33
17  12   2   1   4   5   5  32  12   1   1   5   0  57  19   3   1   3   0  62   8   2   3   1   0   0   2   0   2   1   3   0   0   2  52
9   8   1   1   2   8   6  17   6   1   1   1   4  12   0   2   1   0   2  16   5   1   2   0   1   3   1   2   3   0   0   1   0   0  14
10   8   0   1   3   0   4  18   7   1   2   3   0  40  16   3   1   2   0  49  10   0   2   1   0   1   0   1   3   1   0   1   1   0  42
18  12   3   2   5   0   5  37  13   2   1   5   0  60  19   2   1   3   0  71  11   1   2   1   0   0   1   0   3   1   3   0   1   1  61
14  10   1   0   3   1   3  26  10   1   0   3   2  49  17   3   2   2   0  58  10   1   1   1   0   1   0   1   3   2   1   1   1   0  50
10   8   2   3   3   7   6  25  11   2   1   3   3  36  11   1   2   2   0  41   8   1   2   1   0   2   3   3   2   3   0   0   2   1  35
19  14   2   2   6   6   6  32  10   1   1   7   0  60  21   3   2   4   0  61   7   0   2   1   0   1   3   0   1   3   3   2   1   1  52
20  14   3   1   5   3   6  34  11   2   2   5   0  55  16   2   3   4   0  64  10   0   1   1   0   1   2   3   2   3   2   1   2   1  55
14  10   0   1   7   3   7  26   9   1   2   6   0  49  17   2   1   3   0  60  10   0   1   1   0   1   1   3   3   0   2   2   1   0  51
8   7   2   2   1   8   3  16   7   2   0   1   5  11   0   1   2   0   0   6   0   0   2   0   0   3   2   1   3   3   0   2   1   1   5
17  12   1   1   6   6   6  25   8   1   2   5   6  44  14   2   2   2   7  35   0   0   2   0   8   0   0   3   0   2   0   0   2   1  30
8   7   0   2   5   4   5  22  11   2   1   4   0  44  16   2   1   3   0  51   9   1   3   1   0   1   1   0   3   1   2   2   1   2  43
11   8   1   3   5   7   6  26  11   2   2   5   2  55  20   1   1   4   0  57   6   0   2   1   0   3   3   1   2   3   2   2   2   2  49
11   8   0   1   4   1   4  25  11   2   3   4   1  43  15   1   2   3   4  50   9   1   1   1   0   0   0   3   0   1   1   0   1   2  43
19  13   2   0   3   6   4  27   8   3   2   2   6  38   9   2   2   1   2  34   2   0   1   0   2   0   0   3   3   1   0   0   2   2  29
10   8   1   0   3   4   3  24  11   2   1   3   5  40  13   2   2   2   0  33   0   2   2   0   0   1   0   2   3   3   1   1   0   1  28
11   9   1   1   5   0   5  29  12   2   1   5   0  55  19   2   2   4   0  63  10   1   2   1   0   2   0   2   3   0   0   1   0   0  53
0  2  0  2  0  8  6  0  1  2  1  0  6  5  5  1  2  0  4  1  0  0  3  0  0  1  2  3  3  3  1  2  2  2  1
12  10   2   1   2   8   6  28  11   3   1   2   0  32   7   1   2   1   0  25   1   1   1   0   0   0   3   0   0   3   1   1   0   1  21
10   8   2   1   2   4   3  19   8   2   2   2   0  26   7   2   3   1   0  21   1   1   3   0   0   2   1   0   2   2   0   0   0   0  18
10   7   1   3   4   7   7  23   9   1   1   4   3  52  21   2   1   3   0  59  10   2   2   1   0   3   3   0   3   0   1   0   0   0  51
11   9   1   1   5   1   5  23   9   1   1   5   2  51  19   2   3   4   3  56   7   1   1   1   0   1   0   0   0   2   3   2   0   0  47
10   8   0   3   6   4   6  22  10   3   3   4   6  44  15   2   3   3   2  50   9   1   1   1   0   3   0   2   1   3   2   1   1   1  43
12   9   1   1   6   2   6  25  11   1   3   6   0  44  15   0   3   4   0  53  10   0   2   1   0   0   3   3   3   3   3   0   1   1  45
16  11   1   2   4   0   4  28  10   2   2   4   0  50  16   1   2   3   0  59  10   0   2   1   0   3   0   1   3   3   3   0   2   1  50
21  14   2   2   7   1   7  38  12   2   2   7   0  57  15   0   2   5   0  73  14   1   1   2   0   3   2   3   0   0   2   1   1   0  62
8   7   0   2   6   3   6  21  11   2   3   6   1  42  16   1   2   4   3  47   7   0   3   1   0   3   3   3   0   1   3   2   2   2  40
15  10   1   1   5   5   5  16   4   1   1   1   8  13   0   2   1   0   4   8   0   1   1   0   0   3   0   0   1   0   3   2   1   0   7
13   9   1   1   6   3   6  25  10   1   2   4   6  36  10   1   3   2   3  29   1   1   1   0   0   2   0   3   3   3   1   0   2   2  25
12  10   1   1   6   3   5  23   9   1   2   6   5  52  21   2   1   4   0  56   8   2   1   1   0   1   0   1   3   0   3   1   2   0  48
6   6   2   2   1   7   3  11   5   2   2   1   3  20   8   3   2   1   0  15   0   0   2   0   0   2   1   1   2   1   0   0   2   1  13
5  5  1  2  1  8  4  1  0  2  1  0  8  2  4  2  2  0  3  3  3  1  1  0  1  3  0  2  2  3  3  2  1  2  2
13  10   1   0   6   0   6  26  10   2   2   5   0  50  17   1   2   4   0  52   6   1   2   1   0   1   2   2   1   3   0   1   0   1  44
10   8   1   1   5   6   6  22  10   2   2   4   1  39  14   2   3   2   0  54  13   2   1   1   0   0   1   1   2   2   1   0   2   0  46
0  0  1  1  0  8  6  0  1  2  2  0  7  0  0  1  3  0  5  0  0  1  3  0  3  0  0  3  1  3  1  0  2  1  0
11   9   1   3   3   1   3  24  10   2   2   3   0  41  13   2   2   2   0  52  10   1   1   1   0   2   1   1   3   2   2   0   1   1  44
14  11   2   3   4   7   5  25  10   2   0   4   3  47  17   1   3   3   0  56  10   2   3   1   0   3   1   1   3   3   2   2   2   2  48
17  12   2   2   5   5   5  21   6   2   0   1   8  30   8   2   1   1   1  32   6   1   1   0   0   3   0   0   3   1   1   2   0   1  27
13   9   1   1   7   1   7  22   9   1   2   6   1  45  17   2   3   4   0  56  12   2   1   1   0   1   0   0   1   2   0   0   0   1  48
9   7   0   1   4   0   4  27  13   2   1   4   0  47  15   0   2   3   0  61  14   2   2   1   0   3   1   0   0   3   3   2   0   2  52
15  11   3   1   4   6   5  31  12   2   1   4   4  56  19   3   1   3   0  59   7   0   1   1   0   3   3   1   2   3   2   1   1   1  50
12   9   1   1   4   5   5  27  11   2   0   4   0  53  18   2   1   3   0  53   6   0   2   1   0   1   1   0   1   0   0   1   0   1  45
9   8   1   1   4   7   7  17   7   1   1   3   2  36  14   2   3   2   1  35   3   0   1   0   0   1   3   1   1   3   2   2   1   1  30
16  11   1   0   5   5   5  32  11   2   2   5   1  54  17   1   2   3   0  67  13   1   1   1   0   1   3   1   3   1   1   2   2   1  57
14  10   1   1   4   7   5  25   9   1   2   5   1  48  16   1   2   4   0  48   5   0   2   1   0   0   3   3   1   2   3   0   2   1  41
15  10   2   2   3   3   4  30  12   2   0   3   0  51  15   1   1   2   0  57   8   2   2   1   0   2   1   1   3   0   3   0   1   0  48
7   7   1   1   2   6   3  18   9   2   1   2   3  29  10   2   2   1   0  23   0   1   2   0   0   3   3   1   2   1   1   2   1   2  20
8   7   0   1   4   7   7  15   7   1   0   1   8  21   7   2   1   1   2  16   0   1   2   0   0   3   0   1   2   1   1   2   2   2  13
14  11   2   1   5   0   5  29  12   2   1   5   0  45  14   1   1   3   0  50   7   1   2   1   0   3   3   1   0   1   1   2   2   2  42
19  13   1   1   7   4   7  28   8   1   2   6   4  46  15   2   1   3   6  53  10   0   2   1   0   1   0   2   0   1   1   1   0   1  45
12   9   1   1   3   1   3  22   9   2   3   2   1  34  10   2   2   1   0  27   0   1   3   0   0   1   0   3   1   0   2   1   2   0  23
13   9   1   1   4   1   5  26  10   1   0   4   0  43  15   1   2   2   0  34   0   1   1   0   0   3   1   1   1   3   2   2   2   1  29
12  10   3   2   3   1   3  20   8   1   0   3   0  37  13   1   1   2   0  40   7   0   3   1   0   1   1   1   3   1   2   0   2   2  34
20  13   2   1   6   5   7  31  10   1   1   5   0  48  14   1   3   3   0  55   9   0   2   1   0   0   1   3   0   2   0   1   1   0  46
19  13   2   2   5   0   6  36  13   2   1   5   0  57  16   2   2   3   0  66  12   2   1   1   0   3   3   2   0   3   2   2   0   2  56
16  11   2   0   5   2   6  28  11   2   1   5   0  50  16   1   3   4   0  56   8   0   1   1   0   1   1   1   1   2   1   2   2   0  48
11   9   1   2   4   1   4  20   9   1   3   4   0  47  18   2   2   3   0  54  10   0   1   1   0   1   1   1   1   3   2   1   1   2  46
8  7  2  1  2  8  4  4  0  2  1  0  8  3  2  1  2  0  4  0  0  0  2  0  1  0  0  0  1  3  3  0  0  1  0
15  11   2   1   3   3   3  28  10   1   1   3   3  48  15   2   2   2   0  59  11   2   2   1   0   1   0   1   3   3   1   1   2   2  51
13  10   1   1   5   6   6  28  11   2   0   6   0  53  18   1   1   4   0  56   6   1   3   1   1   1   3   1   2   3   0   2   2   1  48
17  11   1   1   6   2   6  31  10   2   2   6   0  60  22   2   1   5   0  73  13   1   2   2   0   2   3   3   1   1   1   0   1   0  62
4   4   0   1   1   8   6  10   6   1   1   1   5  18   7   1   2   1   1  19   3   0   3   0   0   1   1   2   3   2   3   2   0   0  17
12  10   1   1   4   1   4  29  12   3   3   3   0  47  14   2   2   2   0  57  11   0   2   1   0   1   3   3   3   1   0   2   1   2  49
5   5   1   1   1   8   5   6   4   1   1   1   7  13   6   1   2   1   1   9   0   1   1   0   0   0   0   0   3   3   2   1   1   0   8
22  14   3   1   6   2   5  34   9   1   1   5   0  60  20   2   1   3   0  68  10   1   2   1   0   1   1   1   3   1   3   0   2   0  58
16  11   2   1   6   0   6  28   9   1   1   5   0  58  21   2   1   3   0  61   7   1   2   1   0   2   3   3   0   1   3   0   2   1  52
10   8   0   1   5   1   5  29  14   2   0   5   0  56  20   2   1   4   0  61   8   0   3   1   0   1   2   0   1   0   1   1   0   0  52
19  13   2   0   5   2   5  26   8   1   2   5   2  41  14   0   1   3   0  50  10   0   2   1   0   0   0   3   1   3   0   0   1   2  43
11   9   2   1   3   1   4  28  12   2   0   3   0  47  15   1   2   2   0  50   7   1   3   1   0   1   0   1   3   2   0   2   1   1  43
12  10   2   3   6   2   5  27  11   2   1   5   2  51  18   2   3   3   0  57   8   0   2   1   0   3   0   1   3   3   1   2   2   1  49
15  11   1   1   6   4   6  24   8   0   1   5   5  46  16   2   3   3   0  57  11   1   1   1   0   1   0   0   3   3   0   2   0   1  49
19  13   2   3   6   3   6  29   9   1   1   6   0  52  18   2   1   4   0  54   6   0   2   1   0   2   3   1   0   2   2   0   2   1  46
10   8   2   1   2   8   4  18   7   2   2   1   7  16   1   2   3   0   8  12   0   0   2   0   8   0   1   3   0   2   0   0   2   1  10
16  11   3   3   5   7   7  10   0   2   1   0   8   9   2   2   3   0   5   6   0   1   2   0   6   2   0   0   1   3   0   0   0   2   5
12   9   0   1   5   5   6  27  12   2   1   5   0  46  15   1   2   3   0  49   6   0   3   1   0   0   2   3   3   1   0   0   2   2  42
10   8   0   1   6   3   6  31  15   2   1   6   0  61  21   2   1   4   0  62   6   0   2   1   0   0   1   1   2   1   0   0   2   2  53
11   9   2   0   2   8   5  18   7   1   1   2   5  24   7   1   2   1   1  19   0   1   3   0   0   1   1   2   1   3   3   2   1   2  16
11   8   1   0   3   6   3  20   9   1   3   3   0  40  14   2   2   2   0  51  10   1   3   1   0   0   3   3   2   2   1   0   2   0  44
15  10   1   0   4   5   4  32  13   3   1   4   0  50  15   1   1   2   0  62  12   1   3   1   0   0   3   3   0   3   2   0   2   2  53
14  11   2   3   5   3   6  29  11   2   1   5   0  54  18   2   1   3   0  59   8   0   2   1   0   2   3   1   1   3   2   0   1   2  50
13  10   1   0   4   0   4  27  10   2   2   5   0  59  22   3   1   3   0  61   7   1   1   1   0   0   0   3   3   3   1   0   2   2  52
10   8   0   1   3   5   4  20   9   1   2   3   0  37  14   1   1   2   0  27   0   1   2   0   0   0   2   2   1   3   2   1   1   2  23
8   7   1   3   3   6   4  17   7   1   2   3   3  34  13   2   2   2   0  39   8   1   3   1   0   3   2   3   3   2   3   1   1   0  33
16  11   1   1   6   6   7  34  13   2   1   6   1  56  17   2   2   4   3  64  10   0   1   1   6   1   2   1   0   3   0   1   1   2  54
14  10   1   1   5   4   6  30  12   1   0   5   5  48  15   1   2   3   0  56  10   2   2   1   0   1   0   0   1   0   1   2   0   1  47
13  10   1   3   7   5   7  28  12   2   2   7   0  45  15   1   2   5   0  60  14   1   1   2   0   1   3   3   0   2   1   2   2   0  51
12  10   2   1   3   1   3  25  10   2   1   4   0  47  16   1   2   3   0  55   8   1   2   1   0   0   3   3   3   2   0   0   2   1  46
14  10   2   1   4   0   4  31  13   2   1   4   0  52  17   1   2   3   0  54   6   0   2   1   0   2   3   1   2   3   3   0   2   1  46
15  11   2   1   7   5   7  31  11   2   2   7   0  62  22   3   2   5   0  76  14   1   1   2   0   1   3   0   1   1   2   0   1   1  65
23  15   3   1   5   5   6  34   9   1   1   4   4  42   9   1   1   1   7  43   6   0   1   0   8   0   0   2   0   2   0   0   0   0  36
14  11   2   3   5   5   6  22   8   1   1   3   7  37  12   2   3   1   6  30   0   2   1   0   1   2   0   2   1   2   3   0   1   0  25
13   9   0   2   4   7   5  21   7   1   3   3   4  38  13   1   2   2   0  46   9   2   2   1   0   0   3   3   2   3   2   0   2   1  39
24  16   2   0   7   1   6  42  13   1   1   6   0  58  14   0   1   4   0  59   6   1   1   1   0   1   0   1   0   3   0   2   2   2  50
9   8   0   2   4   3   5  17   7   1   2   4   0  35  13   2   3   2   0  44   9   0   2   1   0   3   3   2   1   3   2   2   0   1  37
14  10   2   3   4   3   4  28  11   2   1   4   1  46  15   0   1   2   0  55  10   1   2   1   0   2   1   1   1   0   3   0   1   0  47
12   9   1   1   4   4   5  20   7   0   3   4   0  37  13   1   2   2   0  45   9   0   2   1   0   0   2   3   0   0   0   0   0   0  39
14  10   1   2   5   6   6  23   7   1   2   3   7  33  11   2   3   1   8  33   4   1   2   0   4   1   0   2   0   3   2   1   1   1  28
6   6   0   1   2   7   4  16   9   2   2   2   3  39  16   1   2   2   4  53  12   2   3   1   0   3   2   3   0   1   1   1   2   2  45
13  10   2   3   3   1   4  27  11   3   1   3   0  43  14   2   1   2   0  48   8   0   2   1   0   2   1   2   3   0   2   0   1   0  41
15  11   1   1   4   5   5  21   6   0   3   4   0  40  15   2   2   3   0  50   9   0   1   1   0   3   3   2   0   2   2   0   0   0  43
17  12   2   1   4   5   4  26   9   1   1   4   1  44  14   1   2   3   0  52   9   0   1   1   0   0   2   3   1   1   1   0   1   1  44
17  12   3   0   4   2   4  34  13   2   2   4   0  58  18   2   2   3   0  64   9   0   2   1   0   0   3   2   2   2   0   0   0   0  54
9   8   0   1   7   1   6  18   9   1   2   6   0  43  18   2   2   4   0  45   6   0   2   1   0   3   1   0   0   2   3   1   0   1  38
11   8   1   1   4   7   5  25  11   2   0   4   4  40  13   0   3   3   4  49  10   2   2   1   7   1   3   1   0   2   0   2   1   0  42
7   7   2   1   1   8   4   3   0   1   0   0   8  12   7   2   2   0   4   5   0   1   3   0   1   3   0   0   2   0   0   1   0   1   4
16  11   2   1   4   0   4  25   8   2   1   3   0  43  14   2   2   2   2  48   8   0   2   1   1   0   1   3   0   3   2   0   1   2  41
14  10   1   0   6   5   6  37  15   3   1   6   5  65  20   2   1   4   2  64   6   0   2   1   0   1   0   3   1   3   3   2   2   2  55
15  12   2   1   6   3   6  36  15   3   0   5   0  55  15   1   2   4   0  55   6   0   3   1   0   1   2   1   0   0   2   1   2   0  47
10   8   2   2   3   0   3  27  12   3   1   3   0  45  15   3   1   2   0  54  10   1   2   1   0   0   0   1   1   1   2   0   1   1  46
5   6   0   1   3   3   3  16   8   1   2   3   1  32  12   1   2   2   3  42   9   0   2   1   0   0   0   2   0   2   2   0   1   1  36
12   9   1   0   4   6   6  18   7   1   2   3   1  33  13   2   3   2   0  40   7   0   1   1   0   0   2   2   3   3   1   0   0   1  34
13  10   1   1   7   4   7  22   8   0   3   7   0  44  16   1   2   5   0  53  10   0   3   2   0   2   2   3   1   3   1   0   2   2  45
12   9   1   2   4   6   5  27  11   2   2   4   0  40  12   1   2   2   0  46   8   0   2   1   0   1   2   2   1   1   0   1   0   1  39
10   9   1   1   4   4   4  20   9   1   1   4   0  44  17   2   3   3   0  50   9   1   3   1   0   1   3   0   2   2   3   0   0   0  42
15  10   1   1   6   2   6  30  10   1   2   5   0  51  16   2   2   3   0  59  10   1   1   1   0   3   2   1   1   0   1   1   2   1  50
8   7   0   2   6   4   6  22  11   2   1   5   3  44  17   2   2   4   0  49   7   0   2   1   0   1   0   1   2   3   2   0   2   2  42
7  6  1  2  2  8  5  6  3  0  1  1  7  5  1  2  1  0  1  8  5  1  1  0  0  1  0  2  3  1  3  2  0  2  7
11  10   1   1   4   7   6  28  12   1   1   4   4  56  20   2   1   3   0  63   9   1   1   1   0   2   1   3   3   3   0   0   1   2  54
18  12   1   1   5   1   5  32  11   2   3   5   0  57  18   2   2   3   0  65   9   1   2   1   0   1   3   3   2   1   1   2   2   2  55
10   8   1   1   6   6   6  20   9   1   2   6   4  52  23   3   1   4   1  57   8   1   1   1   0   3   2   2   3   3   3   2   0   1  49
15  11   1   1   6   4   7  30  12   2   1   6   4  50  15   1   2   4   0  57  10   2   1   1   0   0   0   3   3   3   3   0   1   2  49
16  12   2   3   7   3   6  29  11   2   2   7   0  55  19   1   2   5   0  60   8   0   2   1   0   2   1   3   3   2   0   0   0   1  51
17  12   2   2   6   6   7  34  13   2   1   5   0  54  16   2   2   4   0  59   8   0   2   1   0   3   3   3   0   1   1   1   2   1  50
17  12   1   0   5   6   7  32  12   2   3   5   0  58  18   2   1   3   0  58   5   0   2   1   0   1   3   2   2   3   2   2   1   2  50
21  14   2   1   4   6   5  35  10   2   0   4   2  61  20   2   2   3   0  70  11   1   1   1   0   2   2   0   2   3   3   1   1   2  59
17  12   1   1   6   0   5  34  13   2   1   7   0  55  17   1   2   5   0  67  12   0   2   2   0   1   2   3   1   0   1   1   2   0  57
14  10   1   1   6   3   6  29  12   2   2   6   0  53  18   1   2   5   1  68  14   2   2   2   0   1   1   3   0   1   2   1   2   2  58
8   7   2   1   2   7   4  20  10   2   1   2   1  35  12   1   1   2   0  45  10   1   1   1   0   1   2   3   2   0   1   2   2   1  38
9   7   1   2   2   8   4  18   8   3   2   2   3  32  12   1   1   1   6  31   3   0   2   0   0   3   3   2   0   0   3   2   1   0  26
15  11   2   1   6   5   5  27  10   1   2   6   0  57  20   1   1   4   0  65  11   0   3   2   0   0   3   1   3   1   1   0   1   1  55
13   9   0   1   6   3   6  29  12   2   1   5   0  53  17   2   2   4   0  53   5   0   2   1   0   0   0   2   1   2   2   0   0   0  45
15  10   1   1   6   3   6  23   8   0   1   5   5  47  18   2   2   3   6  54   8   1   2   1   0   1   0   2   0   2   3   2   0   1  46
14  10   1   1   7   4   7  25  10   1   3   6   1  54  22   2   2   5   3  69  14   0   3   2   0   1   1   3   0   0   3   0   2   0  59
17  12   2   1   3   5   4  26   8   2   2   2   0  33   8   1   2   1   0  32   3   1   2   0   0   3   3   3   0   2   3   2   2   1  27
18  13   2   1   7   2   6  34  12   2   0   6   4  54  15   1   2   4   0  60   9   0   1   1   0   2   0   0   2   3   3   0   0   2  51
12   9   1   1   3   7   6  18   6   2   0   1   8  30  10   3   1   1   5  23   0   1   2   0   0   0   0   0   1   1   3   1   0   1  19
13   9   1   2   5   6   6  27  11   2   3   4   0  45  14   2   2   2   0  53  10   0   1   1   0   1   3   2   2   3   1   1   1   2  45
16  12   2   1   7   1   6  36  13   2   2   6   0  60  18   1   1   4   0  68  10   0   2   1   0   1   0   1   1   3   2   2   2   1  58
12   9   1   1   5   2   5  24   9   1   0   4   2  51  19   1   1   3   0  57   8   0   3   1   0   1   0   0   2   0   3   2   0   0  48
8   7   1   1   2   6   3  10   4   1   2   1   5  19   7   1   2   1   0  13   0   1   2   0   0   0   0   0   1   2   3   0   0   0  11
13  10   1   1   6   5   6  24   8   0   2   6   2  48  18   2   1   4   0  56  10   1   3   1   0   1   1   3   2   1   2   2   2   2  47
13  10   1   1   5   1   4  25   9   1   1   5   2  47  17   1   2   4   0  54   9   0   3   1   0   1   0   1   3   0   2   2   2   0  46
15  11   2   1   5   1   5  33  14   2   1   5   0  58  19   1   1   4   0  77  16   1   2   2   0   2   2   0   0   0   1   1   0   0  65
13   9   1   1   2   8   6  19   7   1   3   2   0  34  13   0   1   2   0  44  10   0   1   1   0   1   3   3   3   3   3   2   1   2  37
5   6   2   1   1   8   3  11   5   1   2   1   3  29  13   3   1   1   0  25   2   0   3   0   0   2   3   0   1   1   2   0   1   1  21
15  11   2   1   4   2   5  27   9   1   1   3   0  50  17   2   1   2   0  54   7   0   2   1   0   1   1   3   2   1   1   1   1   2  46
6   6   1   1   2   8   4  16   7   2   2   2   3  20   6   2   3   1   4  23   5   2   1   0   1   1   3   2   0   3   3   2   0   2  19
7   6   0   3   3   5   4  16   8   1   1   2   1  25   8   1   2   1   0  17   0   1   2   0   0   3   3   3   2   3   1   2   2   2  14
9   8   0   1   4   6   5  18   8   1   1   4   3  37  14   1   2   3   0  48  10   1   2   1   0   3   1   0   1   0   2   0   0   0  41
12   9   1   1   4   2   5  29  12   3   1   4   2  46  14   1   1   2   1  56  10   1   1   1   0   1   0   0   0   0   3   2   0   0  48
19  13   2   1   4   0   4  35  12   3   2   4   0  56  16   1   1   3   0  62   9   0   1   1   0   2   3   0   3   3   0   0   1   1  52
12   9   1   3   4   6   6  24   9   1   2   4   5  42  14   2   1   2   2  51  11   1   3   1   5   2   1   3   1   3   0   0   1   1  43
0  0  1  1  0  8  5  0  0  2  0  0  6  1  4  2  2  0  0  2  3  1  1  0  0  3  1  0  3  2  1  1  1  1  1
12  10   1   1   4   2   4  29  12   2   1   4   0  47  15   1   2   3   0  55   9   2   2   1   0   0   3   3   0   0   3   0   2   1  46
5   5   1   1   1   8   6   9   5   1   0   1   3  19   9   3   2   1   1  14   0   0   2   0   1   2   3   0   1   0   0   1   1   0  12
17  12   1   0   7   5   7  31  11   2   2   7   0  52  17   1   1   5   0  66  13   2   2   2   0   1   3   2   2   2   1   1   0   0  56
6   6   2   1   1   8   3   8   4   2   2   1   8  12   5   1   2   0   8   7   1   0   2   0   1   3   0   3   0   0   1   2   2   0   6
8   7   0   1   6   5   6  19   8   0   2   6   2  50  22   2   1   4   0  56   9   0   1   1   0   3   2   1   3   3   3   2   2   2  47
16  11   2   3   6   3   6  31  11   2   1   5   0  52  16   1   2   3   0  60  11   1   1   1   0   1   1   3   1   0   1   2   1   0  51
9   7   0   3   5   7   7  23  12   2   1   4   4  42  14   1   2   3   0  47   8   0   3   1   0   2   3   1   2   2   2   0   2   1  40
5   5   0   3   3   6   4  17  10   1   2   4   1  36  15   1   1   3   0  46  10   1   1   1   0   2   3   3   1   3   0   1   1   2  39
24  16   3   0   5   6   6  34  10   2   0   3   6  51  14   1   2   2   0  51   6   0   2   1   0   1   0   1   2   0   2   2   2   1  43
19  14   2   0   5   2   6  31  10   1   1   4   0  57  18   2   2   3   0  60   7   0   3   1   1   1   1   1   1   3   0   2   2   2  51
14  10   1   1   5   5   5  23   8   1   2   4   4  43  15   1   2   3   0  51   8   0   3   1   0   1   0   1   3   3   0   2   2   2  43
22  14   2   1   5   1   5  35  11   1   1   6   0  59  18   3   3   5   0  63   7   1   3   1   0   3   3   3   3   3   2   2   2   1  53
18  12   2   1   4   6   6  32  11   2   2   5   3  56  18   1   1   3   0  59   7   0   1   1   0   2   2   1   3   0   1   0   1   0  50
10   8   1   3   6   1   6  30  15   2   1   6   0  57  19   2   1   4   0  60   8   0   3   1   0   2   1   3   2   0   1   0   2   0  51
3   5   0   2   2   7   3  12   8   2   3   2   4  20   8   1   1   1   4  14   0   1   2   0   1   3   2   3   1   2   3   2   2   0  12
15  11   2   2   4   7   7  29  10   1   1   5   1  51  17   2   1   3   0  54   6   0   2   1   0   1   2   3   2   3   1   1   1   2  46
8   8   1   2   3   6   4  16   8   2   1   2   7  36  15   2   1   1   3  39   5   2   1   0   3   1   0   1   2   2   0   1   2   1  33
20  14   3   1   4   0   3  30   8   1   1   3   0  51  16   2   2   2   0  53   7   1   3   1   0   0   2   3   1   3   3   1   2   2  45
7   6   0   2   2   8   5  19   9   2   1   2   2  23   6   2   1   1   0  19   0   0   2   0   0   3   3   1   2   0   3   1   2   0  16
24  16   2   0   6   4   6  38  11   1   0   6   0  59  16   2   2   4   0  70  11   0   2   1   0   1   2   0   1   1   1   2   1   2  59
0  0  1  1  0  8  3  0  0  1  2  0  5  0  0  1  1  0  7  0  1  1  1  0  1  3  2  2  0  0  3  2  1  0  0
20  13   2   2   6   1   6  37  12   2   1   7   2  62  19   2   1   5   0  80  16   1   3   2   0   0   0   2   3   0   0   0   1   0  68
14  10   1   1   6   2   6  26  10   2   1   5   5  50  17   0   2   4   0  67  16   1   1   2   0   3   0   3   3   3   1   1   0   1  57
11   9   1   1   6   6   6  27  12   1   1   6   3  49  16   2   3   4   0  55   9   1   3   1   0   3   1   1   3   3   0   1   1   1  47
14  10   1   3   5   3   6  34  14   2   0   5   0  48  12   0   2   3   0  56  10   0   1   1   0   3   3   0   2   3   0   1   0   2  47
11   8   1   1   2   7   3   6   0   2   3   0   8  13   6   3   2   0   8  18   5   1   2   0   5   2   0   2   0   3   1   1   0   2  15
12   9   0   1   5   5   6  26  10   2   0   4   0  47  15   1   1   3   0  51   7   1   2   1   0   1   2   1   3   3   3   1   2   2  43
9  7  1  1  2  5  3 10  4  1  1  1  8  7  0  1  2  0  7  3  0  2  1  0  4  2  0  1  0  1  1  0  2  1  3
8   7   1   2   3   7   4  14   6   0   3   3   5  25  10   1   2   1   6  18   0   0   1   0   6   3   1   2   0   2   0   2   0   0  15
18  12   2   2   6   0   5  30  10   2   2   5   0  47  14   0   2   4   0  48   7   0   2   1   0   2   2   1   0   3   1   0   1   2  41
15  11   1   1   5   6   6  25  10   1   1   4   1  44  15   1   2   3   2  52  10   0   1   1   0   3   3   3   0   1   3   0   2   1  44
13  10   1   1   5   5   6  34  15   3   0   4   0  52  15   1   2   2   0  59  10   2   2   1   0   0   2   0   1   3   2   0   0   2  50
12   8   1   2   4   7   6  25  10   1   2   4   1  43  14   1   2   3   5  49   8   0   3   1   1   1   3   2   0   3   3   2   0   2  42
11   9   1   1   4   5   4  23   9   1   2   3   5  52  20   2   1   2   3  64  12   2   2   1   0   0   0   3   3   2   3   0   2   1  54
16  12   2   3   7   0   7  26   9   1   3   6   0  46  16   1   1   4   0  47   6   0   2   1   0   3   2   3   3   1   1   2   1   2  40
6   6   1   1   2   7   4  12   6   1   2   2   4  18   7   1   2   1   1  21   5   0   2   0   0   1   1   3   3   0   1   2   2   1  18
9   8   0   1   6   4   6  34  16   3   1   5   0  59  18   1   3   3   0  66   9   0   1   1   0   3   2   3   2   2   3   2   2   1  56
18  13   2   1   6   2   6  42  17   3   1   6   0  72  21   1   1   4   0  79   9   1   3   1   0   3   2   3   0   2   3   2   1   0  67
7   6   0   1   6   3   6  16   8   1   2   5   0  46  21   3   2   4   0  52   8   0   2   1   0   3   1   0   0   1   0   2   1   2  44
13   9   1   1   6   3   6  24  10   1   3   6   0  51  20   2   2   5   0  64  12   0   1   2   0   1   2   1   2   1   0   1   2   2  55
15  11   1   1   7   1   6  31  12   1   1   7   0  58  19   3   2   5   0  69  13   1   2   2   0   2   2   1   1   1   1   0   1   1  59
18  13   3   1   4   6   6  27   8   1   1   4   2  48  15   1   2   2   0  50   6   0   1   1   0   0   2   2   2   3   3   1   0   2  43
9   8   1   1   3   6   5  20   9   1   1   4   2  40  15   1   3   3   0  51  10   0   3   1   0   1   3   3   3   3   2   2   2   2  43
14  10   1   1   4   2   4  29  12   2   1   3   1  43  13   2   2   2   4  43   4   2   2   0   0   3   2   2   0   2   3   0   0   0  37
19  14   2   1   7   2   7  31  10   1   0   7   0  58  20   2   2   6   0  72  13   1   2   2   0   3   2   1   1   3   2   2   2   2  61
9   8   1   3   6   3   6  24  12   2   1   5   0  47  17   1   1   3   0  56  10   1   2   1   0   3   3   1   1   1   3   2   1   2  48
14  11   1   2   5   2   5  24   8   1   2   5   4  50  18   3   2   3   5  54   9   1   1   1   0   1   0   3   0   3   2   2   1   2  46
14  10   2   1   3   2   3  23   8   1   2   3   0  39  13   3   2   2   0  46   8   0   3   1   0   0   3   1   0   3   1   0   2   2  39
4  5  1  0  1  8  5  3  2  1  1  0  3  0  0  1  2  0  0  0  0  1  3  0  0  1  2  1  2  2  1  2  2  1  0
15  10   1   3   7   0   7  27  11   1   1   7   0  53  19   2   1   5   0  68  13   1   1   2   0   1   2   2   0   3   0   2   0   1  58
16  11   1   0   6   0   6  26  10   1   0   6   0  55  20   2   1   4   0  57   6   2   3   1   0   1   1   1   0   0   2   1   2   1  49
12   9   1   1   3   7   4  22   8   2   2   2   2  31   9   2   3   1   0  31   4   0   2   0   0   1   3   1   3   3   0   1   1   2  26
25  17   3   1   6   1   6  38  11   2   1   6   0  59  16   0   1   3   0  66  10   1   1   1   0   2   3   3   3   1   1   0   2   2  56
13  10   2   1   4   2   4  31  13   3   2   4   0  52  16   2   3   3   0  58   8   2   1   1   0   2   1   3   3   2   0   0   2   1  49
7   7   1   3   3   0   4  20   9   2   2   3   0  34  13   1   2   2   0  27   1   0   1   0   1   0   2   1   1   3   0   0   2   2  23
13  10   1   1   3   2   3  25  10   2   0   3   0  50  18   2   1   2   0  56   9   2   1   1   0   1   1   0   1   0   2   1   1   0  48
7   7   1   1   2   8   7  21  10   2   0   2   4  28   8   1   2   1   0  31   5   1   1   0   0   1   2   0   3   1   1   1   1   1  26
15  11   2   1   4   7   6  26   9   1   1   4   3  42  13   0   2   3   2  44   6   0   1   1   0   0   1   1   0   2   3   1   2   1  38
13   9   0   1   5   3   5  27  11   2   1   5   5  47  15   2   3   3   0  49   6   0   2   1   0   3   0   0   3   2   0   2   0   0  42
10   8   1   2   4   4   4  24  10   2   1   4   0  50  19   1   1   3   0  61  10   1   3   1   0   1   3   2   2   1   1   2   0   2  51
18  12   2   1   6   0   6  29   9   1   1   6   0  57  21   2   1   4   0  65  10   0   3   2   0   2   3   1   1   3   1   1   2   2  55
7   6   3   3   1   8   3  16   7   2   1   1   5  31  12   1   1   1   0  26   0   2   2   0   0   2   2   0   3   0   2   0   1   1  22
11   9   1   1   5   5   6  27  11   2   1   6   3  52  18   1   2   5   0  64  11   1   2   2   0   3   2   1   3   2   3   1   1   0  54
15  11   2   1   4   6   5  31  11   2   0   5   0  52  16   0   2   4   0  60   9   2   2   1   0   0   3   1   1   2   3   0   2   0  51
12   9   2   1   3   1   3  22   8   1   1   2   0  28   7   0   3   1   0  20   0   1   3   0   0   3   1   3   1   2   0   0   1   0  17
18  12   1   1   6   1   6  29   9   1   1   6   0  61  22   2   1   4   0  63   7   1   2   1   0   3   3   1   2   0   2   1   2   1  53
10   8   1   1   3   7   5  24  11   2   2   3   4  42  14   2   2   2   0  50   9   0   3   1   0   0   1   1   3   3   2   0   2   2  42
9   7   1   1   3   7   4  26  12   2   1   3   4  39  11   2   1   1   7  32   0   0   2   0   1   3   1   3   0   1   2   2   2   1  27
18  12   3   1   3   7   4  32  10   2   2   2   5  45  12   1   2   2   1  51   8   0   3   1   0   3   1   3   3   2   3   1   2   0  43
13   9   1   0   4   0   4  27  11   2   2   4   0  45  14   0   2   3   0  51   7   1   3   1   0   1   1   1   0   2   1   2   2   0  44
16  12   1   1   7   3   7  35  14   2   0   6   0  60  18   1   3   5   0  66   8   1   3   1   0   0   3   0   1   2   3   0   1   0  56
7   7   1   1   2   1   3  14   7   1   1   2   0  21   7   0   1   1   0  16   0   0   2   0   0   0   1   0   2   1   2   0   0   2  14
13   9   1   1   3   1   3  25   9   2   2   3   0  42  13   1   1   2   0  58  14   2   2   1   0   3   2   2   2   1   3   0   1   2  50
13   9   1   3   4   7   6  25   9   1   0   4   3  52  19   3   2   3   2  63  11   1   3   1   0   3   2   1   0   0   3   2   2   1  53
9   7   1   1   3   7   6  17   6   2   2   1   8  14   2   3   2   0   2   9   0   1   2   0   0   2   0   2   3   0   1   0   1   0   7
12  10   2   3   5   3   5  26  11   2   1   5   3  43  13   1   3   3   0  47   8   1   2   1   0   0   0   1   1   3   0   0   2   1  40
18  12   1   1   6   0   5  29  10   1   1   6   0  54  18   2   1   4   0  58   8   1   1   1   0   3   0   3   0   3   0   1   2   2  49
13   9   0   1   4   4   5  23   8   1   1   4   0  50  20   2   1   3   0  55   9   2   2   1   0   1   2   3   0   2   1   2   2   1  46
16  12   2   1   4   2   4  30  11   2   1   5   1  56  19   1   1   4   0  63   8   1   3   1   0   1   1   2   2   1   3   1   1   1  53
17  12   2   1   4   2   4  33  12   3   1   4   0  51  14   0   2   3   0  61   9   0   3   1   0   0   2   1   1   1   1   0   2   2  52
6   6   1   1   1   8   5  13   7   2   1   1   1  29  12   2   1   1   0  21   0   0   1   0   0   3   3   0   2   1   1   2   1   2  18
15  11   2   1   3   7   5  14   2   2   0   0   8  10   0   1   3   0   1   5   0   0   1   0   0   0   0   1   3   2   3   1   1   1   4
12   9   1   1   5   4   6  27  12   2   0   6   0  47  16   1   3   4   0  60  13   2   1   1   0   3   3   1   0   3   2   0   2   2  51
2  4  2  1  0  8  4  0  0  2  0  0  5  1  3  1  3  0  0  0  0  1  3  0  0  0  1  1  2  2  1  0  2  0  0
15  11   2   1   3   4   3  20   5   0   3   3   0  41  17   3   2   2   0  51  11   0   1   1   0   1   2   2   3   0   3   2   0   0  43
16  11   2   2   6   5   6  26   9   1   2   6   0  53  20   1   2   4   0  61   9   1   3   1   0   3   3   1   0   3   3   2   1   1  52
17  13   2   1   5   7   6  36  13   2   0   5   4  59  17   2   1   3   0  63   8   0   2   1   0   1   1   0   2   1   2   1   0   1  53
13  10   1   2   6   2   6  27  10   1   2   5   0  46  14   0   1   3   0  50   7   0   2   1   0   2   2   1   2   0   1   0   2   0  42
13  10   2   2   4   4   5  24   9   1   1   3   0  46  17   2   2   2   0  51   7   0   1   1   0   2   3   3   3   1   3   0   1   1  43
14  10   1   0   5   3   6  33  14   3   3   5   0  53  16   1   2   3   0  65  12   1   1   1   0   0   1   2   2   3   1   0   0   2  56
15  11   1   1   6   5   5  27  11   1   1   6   0  48  16   1   2   4   0  51   7   0   3   1   0   2   2   1   0   3   3   0   2   1  44
18  12   2   0   4   0   5  30  10   2   1   4   0  49  16   1   2   3   0  59  10   0   2   1   0   1   0   0   0   2   3   2   0   0  50
13   9   2   2   3   4   3  20   7   1   3   3   0  36  13   1   1   2   0  40   6   1   1   1   0   3   3   2   0   2   3   2   0   0  34
15  11   2   0   6   3   6  30  12   2   2   6   0  57  19   2   3   5   0  65  10   1   2   1   0   0   2   1   3   2   1   0   1   0  55
22  14   2   1   5   6   5  18   1   2   1   0   8  16   2   1   2   0   2  11   0   0   1   0   0   3   0   2   3   0   2   0   1   1   9
13   9   1   1   4   5   5  22   8   1   2   4   0  47  17   1   1   3   0  54   9   0   3   1   0   3   3   1   2   2   1   1   2   0  46
17  12   2   1   3   1   3  22   7   1   1   2   0  34  10   2   2   1   0  28   0   0   3   0   0   1   2   1   1   1   3   1   2   1  24
5   6   1   0   1   8   4   5   3   1   2   1   4  19  10   1   2   1   0  15   0   1   3   0   0   1   2   2   3   1   0   2   1   2  13
9   7   0   2   5   6   6  19   7   0   1   4   6  49  20   2   1   3   1  60  12   1   2   1   0   1   0   3   3   3   1   1   1   2  51
16  12   2   2   6   3   6  29  11   1   1   5   0  46  14   1   3   4   0  55   9   1   1   1   0   3   2   2   0   2   3   1   0   0  47
14  10   1   2   5   4   6  29  11   2   2   5   0  48  14   2   3   3   0  56  10   1   2   1   0   0   2   0   2   2   3   0   1   0  48
8   7   3   1   1   8   4  12   5   1   1   1   3   8   0   2   1   0   1   8   3   0   1   0   4   0   2   3   1   2   0   0   2   0   7
15  11   1   0   4   6   5  28  10   2   2   3   5  47  15   2   2   2   1  53   7   0   2   1   0   0   0   1   1   1   3   0   1   2  45
4   5   0   3   3   6   5  15  10   2   0   2   2  21   7   1   2   1   0  19   2   0   2   0   0   0   1   1   2   2   1   0   2   0  16
12   9   1   0   4   2   4  22   8   1   1   4   0  43  16   2   1   3   0  51   9   0   2   1   0   1   2   1   3   2   2   1   2   1  43
10   8   1   1   2   7   4  16   7   2   1   2   2  21   6   1   2   1   0  22   3   0   1   0   0   1   3   1   3   3   0   1   1   2  19
13  11   2   1   6   4   6  32  13   2   1   7   0  54  17   1   2   4   0  54   6   0   2   1   0   1   3   1   2   3   3   0   2   2  46
5   5   0   1   2   1   3  13   6   1   2   2   1  22   8   1   1   1   0  17   0   0   3   0   0   0   0   1   3   0   2   0   2   0  14
17  13   2   1   5   5   6  38  15   2   0   6   2  60  18   2   3   4   0  66   9   0   2   1   0   1   3   1   3   2   1   2   1   0  56
12   8   2   2   1   8   6  17   5   2   1   1   7  21   6   1   3   1   2  15   0   0   1   0   4   1   0   2   3   2   0   2   1   0  13
10   8   0   1   4   3   5  24  10   1   1   5   0  49  18   1   2   4   1  56   8   0   2   1   0   0   3   3   0   3   3   0   2   1  48
19  14   3   0   6   3   6  35  13   2   1   6   0  51  14   0   2   5   0  67  15   0   1   2   0   2   3   2   2   0   1   0   0   1  57
6   6   0   1   2   7   4  10   6   1   2   2   4  20   8   1   1   1   4  22   4   0   3   0   0   3   1   1   0   2   2   1   1   0  19
17  12   2   1   6   2   6  24   7   0   2   6   0  50  18   1   2   4   0  54   7   0   2   1   0   1   2   2   0   2   0   1   0   1  46
13   9   1   2   5   6   6  27  11   2   2   5   2  48  16   1   2   3   4  53   8   0   2   1   0   1   3   1   0   2   2   1   2   0  45
8   7   0   0   4   3   4  21  10   1   0   5   3  45  17   3   2   3   2  55  10   0   1   1   0   1   0   3   1   1   3   1   1   2  47
16  12   2   1   6   5   6  19   5   2   3   1   8  14   0   3   1   0   8  11   1   0   1   0   7   2   0   3   0   1   0   0   1   2   9
14  11   2   2   4   0   4  25  10   2   1   3   0  40  12   1   1   2   0  45   7   2   2   1   0   3   0   3   1   0   3   2   2   1  38
20  14   3   1   5   4   5  31   9   1   2   4   3  55  18   2   2   3   0  60   8   0   2   1   0   0   0   2   2   2   3   0   1   1  51
5   5   0   3   3   3   4  17   9   1   1   3   0  38  15   1   2   2   0  43   6   0   2   1   0   2   2   3   0   2   3   0   1   1  36
17  12   3   3   4   2   4  30  10   1   2   4   0  50  16   2   2   3   0  56   9   1   2   1   0   2   1   3   1   1   2   0   1   0  48
8   7   1   2   2   8   5  12   5   2   1   1   7  20   9   1   2   1   1  14   0   1   2   0   1   2   1   1   2   3   0   0   1   2  12
17  11   1   3   6   0   5  30  10   2   1   6   0  55  18   1   2   4   0  58   7   0   3   1   1   3   0   1   1   2   0   2   1   1  49
20  13   2   1   4   4   4  30   9   1   1   4   0  49  14   0   3   3   0  51   6   0   2   1   0   0   3   3   0   3   3   0   1   2  44
10   8   1   1   3   7   5  21  10   1   1   3   2  41  14   2   2   2   4  46   7   1   1   1   1   1   3   3   0   3   3   1   2   2  39
8   7   0   1   4   7   6  22  10   2   1   4   2  36  13   0   3   3   0  43   9   0   2   1   0   3   2   3   3   2   0   1   2   0  37
9   8   1   0   3   7   4  17   7   2   2   2   7  14   1   2   1   0   8   8   0   1   2   0   1   0   0   3   0   0   3   0   1   1   7
11   8   1   3   5   3   5  20   9   1   3   5   0  40  14   1   2   3   0  52  11   1   1   1   0   1   1   3   1   2   0   2   2   0  44
14  10   1   2   7   3   6  26  10   1   1   6   4  49  17   1   1   3   0  62  12   1   1   1   0   2   0   2   3   3   2   0   0   2  53
12   9   1   2   5   2   6  27  11   2   1   5   0  56  20   1   1   4   0  64   9   0   2   1   0   2   1   1   1   0   3   0   2   0  55
14  11   2   1   5   4   5  29  12   2   2   5   0  56  19   2   2   4   0  59   7   1   2   1   0   2   2   3   3   1   1   0   1   1  50
22  15   3   0   4   7   6  21   3   2   2   0   8  24   5   2   2   0   7  17   0   1   2   0   8   1   0   1   1   3   0   2   2   2  14
8  6  0  1  2  7  3  4  0  1  0  0  8  0  0  2  2  0  1  2  4  1  2  0  0  3  0  0  2  3  2  1  0  2  2
12   9   1   1   4   5   4  23   9   1   1   3   5  46  17   2   1   2   1  54   9   1   2   1   0   0   0   1   1   1   0   0   2   1  46
18  12   2   2   4   4   4  27   8   1   0   3   5  43  13   2   2   2   5  54  11   1   1   1   4   1   0   1   0   1   0   2   1   1  46
13   9   1   2   6   0   5  26  11   1   3   5   0  45  15   2   2   3   0  52   9   0   1   1   0   3   3   3   1   3   0   2   1   1  44
9   8   0   2   4   6   4  24  12   3   1   4   4  46  17   2   1   2   3  47   6   0   2   1   0   3   3   1   0   1   3   0   2   2  40
15  11   2   1   5   3   5  29  10   2   3   4   0  54  18   2   2   3   0  61  10   0   2   1   0   2   3   3   2   3   0   0   2   1  52
21  15   3   1   6   6   6  44  16   3   0   5   6  63  16   0   1   4   0  68   8   0   2   1   0   1   0   1   1   3   1   2   2   2  58
8   7   1   1   2   8   6  17   8   2   1   2   2  34  14   0   2   2   2  36   5   1   1   0   0   1   2   0   0   3   3   0   0   1  31
16  11   2   1   5   2   5  29  10   1   1   5   3  57  21   2   1   4   5  70  12   1   1   1   1   3   0   3   0   1   1   2   2   1  59
17  12   2   1   4   5   5  28  10   1   1   4   2  50  17   2   3   3   3  51   6   0   1   1   0   0   0   1   0   2   2   0   1   1  43
15  11   2   1   4   1   4  28  10   2   1   3   0  48  15   1   1   2   0  55   9   0   1   1   0   3   2   2   1   0   1   2   0   0  47
18  12   1   1   4   5   4  33  12   2   1   3   7  50  15   2   2   2   2  61  10   1   1   1   0   3   0   1   3   0   3   2   2   0  52
16  11   1   1   5   4   6  30  11   2   1   5   0  49  15   1   2   4   0  56  10   0   1   1   0   0   1   2   0   3   2   1   0   2  47
14  10   1   2   7   3   7  25   9   1   2   7   0  57  21   2   1   5   0  65   9   0   2   1   0   2   1   1   1   3   1   0   2   2  55
13  10   2   1   3   7   6  23   8   1   1   3   4  43  16   1   1   2   1  50   9   0   1   1   0   1   1   2   2   2   3   1   1   0  43
19  14   2   0   5   6   6  30   9   1   3   5   1  55  18   2   2   3   0  59   7   2   2   1   0   1   2   3   1   2   1   1   1   1  50
15  11   3   1   3   1   3  25   9   1   0   3   0  47  16   2   1   2   0  58  11   1   2   1   0   0   3   1   1   0   0   0   2   1  50
12   9   1   1   4   6   4  30  13   2   2   4   2  45  13   1   1   2   4  43   4   0   2   0   0   0   2   1   0   3   2   1   1   1  37
13  10   1   0   5   0   5  25  11   1   2   5   0  50  18   1   2   4   0  60  11   1   3   1   0   1   3   3   0   0   1   2   2   1  51
14  10   1   3   5   5   5  20   6   1   0   2   8  32  10   2   1   1   0  29   1   2   2   0   0   2   0   0   2   0   1   0   1   0  25
9   8   1   0   3   7   5  22  10   2   1   3   1  37  12   1   2   2   0  44   9   0   2   1   0   0   3   1   3   1   1   0   1   1  37
11   9   1   1   4   1   3  25  11   2   1   4   0  40  13   1   2   2   0  47   9   0   1   1   0   1   3   0   1   3   3   1   0   2  40
13  10   2   3   3   2   4  26  10   2   3   3   5  39  11   2   3   1   7  33   0   1   2   0   0   2   0   2   0   2   3   1   0   0  28
20  14   2   1   7   5   7  26   7   0   3   6   3  46  15   1   2   3   5  60  12   1   2   1   2   1   2   3   0   2   3   1   1   1  51
9   7   1   1   3   3   3  20   8   2   3   2   2  36  13   1   2   2   0  47  10   1   1   1   0   0   0   3   1   3   1   1   1   2  40
17  12   2   3   5   5   6  32  11   1   1   5   0  55  16   2   2   3   0  58   8   0   3   1   0   3   2   3   1   2   2   2   2   0  49
13  10   2   0   3   5   3  28  12   2   1   3   5  42  13   1   1   2   0  45   7   0   3   1   0   0   0   0   3   0   1   0   0   0  38
15  10   1   1   4   4   4  26   9   1   3   4   0  46  15   2   2   3   0  48   6   0   2   1   0   1   1   3   2   1   2   1   2   2  41
16  11   1   1   5   6   6  35  14   2   1   4   2  49  13   1   2   3   0  65  13   1   1   1   0   2   1   3   1   0   0   0   0   0  56
11   8   1   1   2   7   4  20   7   2   3   2   4  42  16   3   3   2   2  52  10   2   2   1   0   3   2   2   1   2   3   2   0   1  44
18  12   2   1   5   0   5  32  11   1   2   5   0  60  21   2   2   4   0  67   9   1   2   1   0   3   0   3   0   1   0   1   2   2  57
19  13   2   1   5   1   5  26   8   0   2   4   0  54  19   2   1   3   0  65  11   1   1   1   0   3   3   1   3   0   2   1   2   1  55
12  10   1   2   6   6   7  29  12   2   3   7   0  53  18   1   2   5   0  53   6   0   2   1   0   3   2   3   3   2   0   1   2   0  45
18  12   2   3   5   5   5  25   7   1   2   1   8  20   0   0   1   0   2  20   3   0   1   0   0   3   0   3   3   2   2   1   2   1  17
8   6   0   0   3   3   3  16   8   1   1   3   0  36  14   2   2   2   0  45  10   0   1   1   0   1   2   1   0   2   0   1   0   1  38
8   6   0   3   7   3   7  26  13   2   1   7   0  55  20   3   2   5   0  64  10   1   2   1   0   3   3   0   2   1   2   1   0   2  55
14  10   2   1   2   8   6  19   6   1   2   1   4  25   8   1   2   1   0  18   0   0   2   0   0   2   2   1   3   3   2   0   2   1  15
11   9   1   1   6   4   6  27  12   3   2   5   0  50  17   2   1   3   0  57   8   0   2   1   0   0   3   2   3   0   3   0   0   0  48
12   9   1   0   5   4   4  22   8   1   2   4   0  38  14   2   1   2   0  48  11   1   1   1   0   0   3   3   1   3   3   1   2   1  41
0  2  1  3  0  8  5  0  2  1  1  0  6  0  0  2  2  0  0  0  0  2  2  0  0  3  1  0  3  1  2  2  0  2  0
5   5   1   1   1   8   6  10   5   2   2   1   2  18   7   2   2   1   0  12   0   0   2   0   0   0   2   0   1   1   0   0   0   2  10
25  16   3   2   6   5   6  36  10   1   0   5   0  56  16   2   2   4   0  63  10   0   2   1   0   1   3   0   0   0   2   2   0   1  54
15  11   2   2   5   2   4  24   9   1   1   6   0  52  20   2   1   4   0  61  11   1   3   2   0   3   3   1   1   0   1   0   1   0  52
12   9   1   1   5   0   5  32  13   1   0   6   0  62  21   3   2   4   0  70  10   1   2   1   0   1   0   1   1   3   2   1   2   2  60
13   9   0   3   7   4   7  24  10   1   2   7   3  61  26   3   2   5   0  73  14   1   2   2   2   3   1   3   3   3   0   2   1   1  62
17  12   3   1   4   5   4  26   9   1   1   4   0  49  18   2   1   3   0  55   9   1   2   1   0   0   3   0   1   1   2   0   0   1  47
15  11   2   0   4   5   4  27  10   1   1   4   0  50  18   1   1   3   0  54   7   0   1   1   0   1   1   0   0   1   0   1   1   2  46
4   5   0   1   2   7   4  16   9   2   0   2   1  25   9   1   1   1   0  29   6   1   2   0   0   2   2   0   2   1   3   1   1   2  25
12   9   1   3   5   5   6  32  14   3   2   5   0  54  17   2   1   4   0  65  13   1   2   1   0   3   2   1   2   1   2   2   1   2  55
11   8   1   1   3   4   3  21   9   0   1   4   0  57  23   3   2   3   0  67  10   1   3   1   0   1   2   0   2   1   2   2   0   2  57
16  12   2   1   4   2   4  24   7   1   3   4   0  49  18   2   2   3   0  53   7   0   2   1   0   3   2   2   3   1   3   2   1   1  45
15  10   1   3   7   5   7  33  13   2   2   6   1  55  17   2   2   3   0  64  10   1   1   1   0   2   3   1   2   2   2   0   1   0  55
9   8   1   0   3   6   4  16   7   1   1   3   0  31  12   2   2   2   0  34   6   0   3   1   0   1   3   3   3   3   3   1   2   2  29
6   6   0   1   6   0   6  20  10   1   3   5   0  45  17   2   1   4   0  52  10   0   2   1   0   1   2   2   1   2   0   2   0   0  44
13   9   1   3   4   7   6  25  10   1   2   4   6  49  18   2   1   2   4  56   8   1   3   1   1   3   2   1   2   2   1   2   2   0  47
12  10   1   3   7   0   6  24   9   1   1   7   0  53  20   1   2   5   0  57   7   0   3   1   0   3   2   1   3   1   1   2   2   2  48
21  14   2   1   4   4   4  34  10   1   1   3   0  53  15   1   2   2   0  64  12   1   2   1   0   0   2   1   2   3   3   0   1   2  55
15  11   2   1   3   2   4  29  11   2   2   3   2  52  17   2   1   3   0  54   6   0   2   1   0   2   0   3   3   0   0   0   2   0  46
14  10   1   1   7   3   7  33  14   2   1   5   7  51  15   2   3   3   5  57   8   0   2   1   6   3   0   0   0   2   0   2   1   0  49
27  17   3   0   6   3   6  41  12   3   3   6   2  65  18   2   3   4   0  67   7   1   2   1   0   1   0   3   1   2   1   0   2   1  57
17  12   1   1   5   0   4  30  11   2   2   6   0  57  19   1   1   4   0  62   8   0   2   1   0   1   3   1   0   3   2   2   2   2  52
21  14   2   1   6   3   5  36  12   2   1   6   3  58  18   1   1   4   4  60   6   0   1   1   0   1   0   0   0   3   2   1   0   2  51
11   8   1   1   3   2   3  26  11   1   1   4   0  50  18   2   3   3   0  57   9   1   1   1   0   1   1   1   0   3   3   2   1   2  48
18  12   2   3   6   3   6  31  10   1   2   5   0  56  18   2   2   3   0  61   8   0   1   1   0   2   1   1   2   3   0   1   1   1  52
12   9   2   3   3   7   5  25  10   1   2   3   0  44  15   1   1   2   0  50   9   0   2   1   0   3   3   3   3   3   1   2   1   2  43
14  10   1   1   6   2   6  22   8   1   2   6   0  47  17   2   3   4   0  52   8   1   2   1   0   1   3   1   1   3   3   2   2   1  44
21  14   3   2   4   0   5  38  12   2   1   4   0  61  17   2   1   3   0  67   8   0   3   1   2   3   2   3   1   3   0   2   2   1  57
22  14   2   1   7   3   7  37  12   2   1   7   2  60  18   0   1   5   0  59   4   0   3   1   0   1   0   3   1   2   2   1   2   1  50
11   9   1   3   6   0   6  25  11   2   1   5   0  51  18   2   2   4   0  67  14   1   1   2   0   3   1   2   2   3   2   2   0   2  57
14  11   1   2   5   4   6  32  13   2   1   6   3  58  19   1   2   4   1  72  13   2   2   1   4   3   1   1   0   3   0   2   2   2  61
4   5   2   2   1   8   6   6   3   1   1   1   5  13   7   1   1   1   5   8   0   1   3   0   4   2   1   1   0   1   0   0   2   2   7
13  10   1   1   4   1   5  28  12   2   1   4   0  53  18   1   1   3   0  57   8   0   2   1   0   0   3   3   0   3   1   0   1   1  49
11   9   3   3   3   0   3  24  10   2   1   3   0  44  16   1   2   3   0  47   7   0   1   1   0   3   3   3   1   1   3   2   2   2  40
12   9   1   0   4   7   5  23   9   1   2   4   5  40  14   1   3   3   0  46   9   2   1   1   0   1   1   2   3   3   1   1   1   2  39
16  11   2   1   3   0   3  25   8   2   3   3   2  45  15   2   2   2   0  48   7   0   2   1   0   3   0   3   2   2   1   2   2   0  41
2  4  1  2  1  8  4  1  3  2  2  0  8  0  3  1  1  0  7  0  0  0  3  0  4  0  0  0  0  0  0  1  1  1  0
19  13   2   1   5   6   5  36  13   2   1   5   4  70  23   2   2   4   0  69   6   0   1   1   0   3   3   1   3   1   1   1   1   2  59
17  11   2   1   4   3   4  29   9   1   1   4   0  45  13   2   2   2   0  52   8   1   1   1   0   2   2   1   1   3   0   0   1   2  44
18  13   2   1   6   2   6  34  13   1   0   5   0  60  18   1   2   4   0  66   9   1   2   1   0   3   1   0   2   0   1   2   1   0  56
16  11   2   2   7   3   6  29  11   1   2   6   5  53  17   0   1   4   0  64  12   1   3   1   0   2   0   1   2   1   3   0   2   1  54
12   9   1   1   4   3   4  18   6   0   3   3   6  39  16   2   1   2   3  48  10   2   2   1   0   3   0   2   2   1   2   1   0   2  41
12   9   2   1   3   2   3  24  10   2   1   4   0  53  20   2   1   3   1  57   7   0   1   1   0   0   2   3   0   3   3   0   1   2  49
13   9   1   3   4   4   5  19   7   1   1   3   0  37  14   1   2   2   0  29   0   0   2   0   0   3   3   0   1   3   3   1   0   2  25
13  10   1   1   4   5   4  21   7   1   2   3   2  37  13   1   3   2   3  43   8   0   2   1   0   3   1   2   0   2   2   1   1   0  37
14  10   1   1   5   0   5  29  11   1   1   5   0  44  13   1   3   3   0  46   6   0   2   1   0   1   1   1   3   2   3   2   2   0  39
10   8   0   0   5   3   5  23  11   2   1   5   0  50  19   2   1   3   0  59  11   0   1   1   0   1   1   2   2   1   2   2   0   2  50
5   6   2   3   1   8   6   9   5   1   1   1   7  14   6   0   3   1   2  12   2   0   2   0   4   2   2   1   1   3   0   0   1   2  10
8   7   1   3   3   7   6  21  10   2   1   3   2  41  15   2   2   2   0  51  10   1   1   1   0   3   3   1   3   0   2   2   2   1  43
0  0  1  3  0  8  5  2  3  2  1  0  4  8  6  2  1  0  1  3  0  1  2  0  0  2  2  2  2  0  2  0  0  0  2
17  12   3   1   6   1   6  35  14   2   1   7   0  53  15   0   2   4   0  61   9   1   2   1   1   1   3   1   3   3   0   1   2   2  52
21  14   2   0   5   5   5  34  11   2   1   4   5  56  17   2   2   3   2  62   9   0   3   1   0   1   0   1   3   3   2   1   1   1  52
16  11   2   1   4   0   4  32  12   2   1   4   0  43  11   1   2   2   0  46   7   0   3   1   0   1   3   1   2   2   3   2   2   0  39
8   7   0   1   5   4   6  17   8   1   3   5   0  41  16   1   2   4   0  48   9   2   2   1   0   0   1   2   3   2   3   0   0   1  41
15  11   1   1   5   6   6  27  11   1   1   5   1  45  15   2   3   3   2  53  10   2   1   1   0   2   1   1   0   3   3   0   2   2  45
8   7   2   2   1   8   4  15   6   2   2   1   6  10   0   1   2   0   8  14   5   0   2   0   3   0   1   2   0   2   2   1   1   0  12
16  12   2   3   6   1   6  34  14   2   1   5   0  57  17   2   2   4   0  71  12   1   2   1   0   3   3   1   1   1   2   2   2   2  60
12   9   1   1   4   2   4  27  11   2   2   4   0  48  15   2   3   3   0  55   9   0   1   1   0   2   1   0   3   3   2   1   0   1  47
11   9   1   1   3   7   6  15   6   2   3   2   5  37  16   1   1   2   1  44   8   1   3   1   0   0   0   2   1   3   1   0   0   2  38
13   9   1   0   4   5   5  25   9   1   1   3   0  40  12   0   2   2   0  44   7   0   2   1   0   0   1   3   3   2   3   1   1   1  38
0  0  1  1  0  8  7  0  0  3  1  0  3  0  1  2  1  0  2  0  3  0  2  0  0  1  2  1  0  1  1  2  2  2  0
11   9   1   0   7   5   7  29  12   2   1   6   2  55  19   2   2   3   0  68  12   0   1   1   0   0   1   0   1   2   0   0   0   1  58
20  13   3   3   5   1   6  31  10   1   0   5   0  52  17   2   2   3   0  55   6   2   2   1   0   2   2   0   3   3   3   0   0   2  47
14  10   1   1   4   6   4  24   9   1   1   3   3  41  14   1   1   2   0  53  13   1   1   1   0   1   1   1   3   1   3   1   1   1  45
10   8   0   1   4   2   4  18   8   2   3   4   0  39  15   2   1   2   0  43   7   0   2   1   0   1   1   2   0   1   1   2   0   2  37
11   9   1   1   4   3   4  20   7   1   2   3   0  41  15   2   2   2   0  44   7   0   1   1   0   0   2   0   0   3   1   1   0   1  38
17  12   2   2   5   4   6  30  10   2   3   5   0  58  20   2   2   3   0  62   9   1   3   1   0   0   3   3   1   3   0   0   2   1  52
14  10   1   1   4   5   4  23   8   1   2   4   1  40  15   1   3   3   0  50  10   1   2   1   0   2   1   2   3   2   0   1   0   1  42
9   7   2   2   2   7   4  21   9   2   3   2   4  27   7   2   3   1   3  30   5   0   1   0   5   2   2   2   1   2   0   0   0   1  25
23  15   2   0   5   4   5  34  10   1   0   5   0  57  17   2   1   3   0  65   9   1   3   1   0   1   1   1   1   3   1   1   1   1  55
16  11   1   2   6   5   6  29  10   1   2   7   3  51  17   2   2   4   3  57   8   2   3   1   0   3   1   0   0   3   3   1   1   2  48
13   9   1   0   4   1   4  30  12   2   2   4   0  55  18   1   2   3   0  60   8   2   2   1   0   1   3   1   3   0   0   1   2   0  51
16  11   2   0   5   1   5  32  11   1   0   6   0  60  21   3   2   4   0  62   6   0   2   1   0   1   2   1   0   3   2   1   1   1  52
10   7   0   1   4   7   6  20   8   1   1   4   1  36  13   1   2   3   1  41   7   2   2   1   0   2   2   0   0   3   3   0   0   1  35
9   7   0   0   6   1   6  25  12   2   0   5   0  53  19   1   1   3   0  61   9   0   3   1   0   1   1   1   1   0   1   1   0   0  52
16  11   1   1   5   0   5  27  10   2   1   5   0  54  19   2   1   3   0  65  11   0   3   1   0   0   3   1   3   0   2   0   2   1  55
12   9   1   1   5   1   5  26  11   2   2   5   0  51  19   2   1   4   0  55   7   0   2   1   0   3   1   1   0   2   2   1   2   0  46
14  10   1   2   5   4   6  32  13   2   1   4   4  49  14   1   2   2   0  57   9   0   2   1   0   0   0   1   1   2   3   0   2   0  49
13   9   2   1   3   4   4  23   8   1   2   3   0  39  13   2   2   2   0  49  10   0   1   1   0   1   1   3   2   0   3   2   0   1  42
10   8   0   1   7   3   7  21   9   1   2   7   0  40  15   1   3   5   0  47  10   0   2   1   0   3   1   1   0   2   2   1   1   1  40
14  11   1   0   5   0   6  31  12   1   0   6   0  54  18   2   1   3   0  56   7   1   2   1   0   1   2   1   2   0   2   0   1   0  48
8   7   0   1   6   4   5  21  10   1   1   6   1  46  19   3   3   5   4  52   8   1   2   1   2   3   1   2   0   2   3   2   1   0  44
11   9   2   1   3   6   3  20   8   1   2   2   6  34  12   1   2   2   4  40   7   2   1   1   4   1   0   2   2   3   1   2   0   2  34
17  11   2   2   7   0   6  33  13   2   1   7   0  57  18   2   2   4   0  65  10   1   1   1   0   3   0   1   1   3   1   1   1   2  55
23  15   3   1   6   5   6  40  12   2   2   6   1  64  20   1   1   4   1  71  10   1   1   1   2   0   3   1   0   3   0   0   2   2  60
10   8   1   2   6   3   6  18   8   1   3   5   0  51  23   3   3   4   0  59  10   2   3   1   0   1   2   1   0   2   3   1   1   1  50
6   6   0   1   3   8   6  18   9   2   0   3   3  37  14   2   2   2   5  45   9   1   3   1   0   1   3   1   0   1   3   2   2   1  38
0  0  0  1  0  8  3  0  1  2  2  0  4  4  5  0  2  0  1  0  0  0  3  0  0  3  2  2  1  3  3  1  1  2  0
11   8   1   3   4   5   5  23   9   1   1   3   1  41  14   2   1   2   0  49   8   0   3   1   0   2   2   1   3   1   0   1   1   2  41
9   8   1   1   3   6   5  18   8   1   0   3   0  33  12   1   2   2   0  47  12   1   1   1   0   1   3   1   1   3   0   2   1   2  40
19  12   2   1   5   5   6  32  10   1   2   5   1  50  15   1   3   3   0  58   9   1   2   1   0   3   3   3   3   2   1   1   1   0  49
