14  10   1   2   5   5   6  26  10   1   1   5   1  49  18   3   2   4   1  54   7   1   1   1   0   3   1   0   0   3   2   1   1   2  46
10   7   3   0   1   8   3  15   5   1   1   1   7  25   9   2   1   1   4  17   0   0   3   0   0   1   0   1   2   0   2   2   1   0  15
18  12   2   0   7   4   6  34  13   2   1   6   0  56  17   0   2   4   0  70  14   2   1   2   0   0   3   3   3   3   1   0   2   1  60
18  13   2   1   5   4   6  31  11   2   3   5   4  52  16   1   2   4   0  53   6   0   2   1   0   0   0   3   3   2   3   0   2   1  45
18  13   2   2   7   5   7  32  12   2   1   6   1  52  15   1   2   4   0  57   9   2   2   1   0   2   3   3   2   1   1   1   2   0  48
8   7   0   1   4   6   5  12   5   1   1   1   8   6   0   2   3   0   8   0   0   1   1   0   5   1   0   0   0   2   3   2   1   0   0
13  10   1   1   4   1   5  27  11   2   2   4   0  50  17   2   2   3   0  56   9   2   2   1   0   3   1   3   0   3   2   0   2   1  48
10   8   1   2   5   2   6  26  13   2   1   4   0  44  14   1   2   3   0  49   8   0   3   1   0   3   2   1   1   3   1   0   1   2  41
13  11   1   1   5   2   6  33  14   2   1   5   0  56  17   2   2   4   0  60   7   0   2   1   0   0   3   3   1   3   0   0   1   1  51
9   7   2   3   3   1   4  23  10   2   1   3   0  40  13   0   3   3   0  51  10   0   1   1   0   2   2   0   2   2   1   0   0   0  43
6   6   1   3   2   7   4  13   6   1   1   2   4  21   8   1   2   1   5  18   1   2   3   0   0   3   2   1   0   0   2   2   2   0  15
8   6   1   2   2   7   4   9   3   1   2   1   0  23  10   1   2   1   0  23   4   2   1   0   0   1   3   2   3   3   1   2   0   2  19
15  12   2   0   4   5   5  30  11   3   0   3   4  47  15   1   2   2   0  55  11   0   2   1   0   0   0   1   3   2   2   0   2   0  47
10   8   0   1   3   4   3  22  10   2   2   2   0  37  13   2   2   2   0  44   9   1   2   1   0   1   2   3   0   2   2   2   2   1  37
10   8   2   1   2   7   3  12   4   1   1   1   4  20   7   2   1   1   0  13   0   0   1   0   0   1   1   1   1   3   1   1   2   2  11
15  11   1   1   5   5   5  29  12   2   2   6   3  48  16   0   3   4   4  56   9   1   1   1   0   1   0   1   0   3   2   2   1   2  48
7   7   1   0   1   8   6   9   5   1   1   1   2  21  10   2   3   1   3  17   2   1   3   0   1   0   2   2   0   3   1   0   0   2  14
19  13   2   1   5   0   4  28   9   1   1   5   0  62  23   2   1   4   0  71  11   2   3   1   0   0   1   0   2   3   1   1   0   2  60
9   7   1   1   2   6   3  18   8   1   1   2   0  38  15   2   2   2   0  40   7   0   2   1   0   1   2   1   1   1   0   2   1   1  34
13  10   1   0   7   1   6  32  14   2   2   6   0  58  20   1   2   5   0  66   9   1   3   1   0   1   3   3   3   1   3   1   1   1  56
19  14   3   1   7   1   6  32  11   1   1   7   0  57  18   2   2   4   0  59   6   0   2   1   0   1   3   3   0   3   3   2   2   2  50
10   8   0   0   5   4   6  27  13   2   1   5   0  50  17   1   2   3   0  65  13   2   2   1   0   1   1   2   1   2   2   2   0   1  55
20  13   2   0   7   4   6  33  11   1   1   6   5  57  17   1   2   4   0  69  11   1   1   1   0   2   0   2   3   1   3   0   1   1  58
12   9   0   0   6   3   6  24  10   1   1   7   0  53  21   1   2   6   0  68  13   2   3   2   0   1   3   3   0   1   2   2   1   2  58
15  11   1   0   3   6   3  24   8   2   1   2   0  34  10   1   2   1   0  42   9   1   1   1   0   0   3   0   2   0   1   1   1   0  35
12   9   1   1   3   3   3  23   8   2   2   2   3  31   8   1   3   1   1  26   1   0   3   0   2   1   0   1   1   2   0   1   2   0  22
9   8   1   0   3   4   4  27  13   2   0   3   0  42  13   2   2   2   0  47   8   0   1   1   0   1   2   0   1   0   0   1   0   0  40
12   9   1   1   6   2   6  26  11   2   3   7   2  49  17   1   2   5   0  52   7   0   2   1   0   1   0   3   2   1   2   2   2   1  44
18  12   2   1   5   4   4  41  16   3   2   5   0  65  19   3   2   3   0  65   7   0   3   1   0   3   3   0   3   2   1   2   0   0  55
13  10   1   0   6   2   7  24  10   1   1   6   0  55  21   2   2   5   0  59   7   0   1   1   0   0   3   2   2   3   1   0   0   1  50
13   9   1   3   5   6   5  26  10   2   3   4   6  50  17   2   1   3   3  53   7   1   1   1   5   3   0   3   3   1   0   1   2   2  45
10   7   0   1   6   0   5  26  13   2   3   6   0  48  16   0   2   4   0  62  12   1   2   1   0   2   2   3   3   3   2   1   1   1  53
6   6   0   1   4   2   4  21  11   2   2   3   0  35  11   2   2   2   0  40   7   1   2   1   0   2   1   0   1   2   2   0   0   1  34
14  11   1   2   5   6   6  29  12   2   2   5   1  53  18   3   2   3   0  59  10   0   2   1   0   1   3   2   3   3   0   2   1   1  50
6  6  1  1  1  8  4  4  1  2  2  0  8 10  6  2  1  0  6  5  0  1  1  0  5  3  0  3  1  1  0  1  1  2  4
9   8   0   1   5   5   6  26  13   2   1   5   0  46  16   2   3   4   0  48   7   0   3   1   0   2   2   3   2   2   2   1   2   0  41
17  12   2   1   5   4   5  26   8   1   2   5   0  50  18   1   1   4   0  58  10   0   1   1   0   0   3   2   3   3   2   0   0   1  49
20  14   3   0   4   5   5  31  10   1   0   4   1  54  17   1   3   3   0  64  11   0   1   1   0   1   2   1   2   3   3   0   1   1  55
15  10   1   0   5   2   5  32  13   2   2   5   0  62  21   2   2   4   0  69   9   2   2   1   0   1   1   0   1   1   3   1   0   2  59
18  12   2   1   3   6   4  33  12   3   2   3   4  53  15   2   2   3   0  63  11   0   1   1   0   2   1   1   2   2   0   0   1   0  54
13  10   1   1   6   4   6  33  14   2   1   5   0  54  18   1   3   4   0  66  13   2   2   2   0   1   1   2   2   3   3   1   1   2  56
12   9   1   1   5   2   5  26  11   2   1   4   3  53  19   2   1   3   0  61   9   0   1   1   0   1   0   0   2   3   0   2   0   2  52
5   6   0   1   2   7   4  13   7   2   0   2   7  24   9   1   2   1   2  22   2   0   2   0   0   0   0   1   2   1   3   0   2   2  19
18  13   2   1   5   1   6  30  10   2   1   4   0  45  13   2   2   2   0  48   6   1   1   1   0   0   1   2   2   1   0   0   0   2  41
2   3   1   1   1   8   6   8   6   1   3   1   4  22  12   1   3   1   0  16   0   0   2   0   0   1   1   2   2   1   1   2   1   2  13
8   7   0   1   6   2   6  18   9   1   2   5   0  44  19   2   1   4   0  60  14   1   1   2   0   1   2   1   1   2   3   0   2   0  51
17  12   3   1   4   1   4  26   9   2   1   3   0  45  15   2   2   2   0  48   7   2   3   1   0   0   1   0   3   3   3   0   0   1  41
15  11   1   1   5   6   6  30  11   2   3   5   2  55  19   1   3   4   0  62   9   0   2   1   0   1   3   3   3   2   0   1   1   1  53
9   7   0   1   5   7   6  27  12   2   1   5   1  46  16   1   1   4   0  60  12   1   1   1   0   1   3   0   2   1   1   2   0   1  51
11   8   1   3   5   1   6  23  10   1   2   5   0  47  17   1   2   4   0  49   6   1   2   1   0   3   2   0   3   3   1   1   0   2  42
10   8   0   1   5   6   7  24  10   1   2   6   3  44  16   2   3   4   0  51   9   0   1   1   0   0   1   3   2   3   1   0   1   2  43
12   9   1   1   2   5   3  16   6   1   1   2   0  23   8   3   1   1   0  21   2   1   2   0   0   0   3   3   0   3   1   1   2   1  18
11   9   1   1   4   2   4  23   9   1   2   4   0  46  16   0   1   3   0  55  10   1   2   1   0   1   1   1   2   0   2   1   2   0  46
11   9   0   0   7   2   6  29  12   2   2   6   3  52  17   2   1   4   0  60  11   3   1   1   0   1   0   1   2   0   1   2   1   1  51
15  11   1   1   6   3   6  26   9   1   0   6   0  50  19   1   2   4   0  56   9   2   2   1   0   1   3   0   1   0   3   0   1   0  47
19  13   2   0   6   3   6  33  12   1   0   6   0  58  20   3   2   4   0  61   8   0   1   1   0   1   2   1   2   3   1   2   2   1  52
10   8   0   2   4   7   7  26  12   2   1   4   2  46  15   2   1   2   0  59  11   0   1   1   0   0   3   2   1   3   1   0   0   1  50
17  12   2   1   4   0   4  31  10   2   2   4   0  59  20   1   1   3   1  67  10   0   1   1   0   0   0   3   0   3   1   0   1   2  57
13  10   1   0   4   6   5  24   9   1   1   3   2  40  14   2   2   2   0  45   8   1   1   1   0   3   1   0   3   3   2   1   0   2  38
11   8   1   1   5   6   6  22   9   2   3   4   7  21   3   2   1   0   8  18   1   1   1   0   6   3   0   3   0   0   1   2   2   0  15
13  10   2   2   6   4   6  24  10   1   1   6   0  44  16   1   2   4   0  48   7   1   2   1   0   2   1   3   2   1   1   1   2   1  41
16  11   1   0   5   6   7  27   9   1   2   4   3  48  15   1   1   3   0  56  10   1   2   1   0   1   2   2   3   1   3   2   0   2  48
24  15   3   1   6   6   7  36  10   1   0   6   3  66  22   2   1   4   0  73  10   0   2   1   0   1   1   0   2   1   2   2   0   1  62
10  9  2  1  3  7  6  6  0  1  1  0  8  3  1  3  1  0  8  8  5  1  1  0  5  3  0  0  0  3  2  2  0  2  7
15  10   1   1   6   3   6  27  11   1   1   4   6  44  13   2   2   2   1  49   8   0   1   1   0   3   0   1   3   1   3   2   2   1  42
7   6   0   1   3   7   6  15   8   2   1   2   2  29  11   2   2   1   1  28   4   1   2   0   1   1   1   0   0   1   0   1   0   1  24
17  13   2   1   6   5   7  38  15   3   1   6   1  58  15   1   3   4   2  68  11   2   1   1   0   1   2   1   0   2   1   1   2   0  58
18  13   2   1   6   0   5  33  12   2   1   6   0  57  18   1   2   4   0  56   5   0   3   1   0   3   1   1   0   1   2   1   1   1  48
4   4   2   2   1   8   3   8   4   1   0   1   5  16   8   1   2   1   2  12   1   0   2   0   4   2   1   0   0   2   0   1   1   0  10
20  14   2   1   6   3   6  35  12   2   1   7   0  66  22   2   2   5   0  78  13   0   1   2   0   1   1   3   2   1   2   2   1   2  66
19  13   2   0   4   7   5  28   8   1   3   3   0  49  16   2   2   2   0  53   8   2   1   1   0   0   2   2   0   3   3   1   0   2  45
12   9   1   1   3   1   3  24  10   3   1   3   0  42  14   1   1   2   0  50   9   1   3   1   0   0   1   3   3   0   1   0   2   0  42
8   6   1   3   2   8   6  19   9   2   1   2   3  35  13   2   2   1   0  34   4   0   2   0   0   3   2   1   2   1   3   2   2   2  29
14  10   2   2   3   7   6  20   7   1   3   3   2  35  12   1   1   2   0  38   7   1   2   1   0   0   2   3   3   1   0   0   1   1  32
14  11   2   1   5   4   6  25   9   1   3   4   0  45  14   1   2   3   0  54  10   1   3   1   0   2   3   3   2   3   0   0   1   1  46
14  11   1   1   6   5   7  31  14   2   1   6   1  54  18   0   1   5   0  68  14   1   2   2   0   1   2   1   3   1   0   2   1   2  58
14  10   2   1   2   8   5  25   8   2   1   2   4  42  13   3   2   2   0  46   7   1   1   1   0   0   1   1   1   0   3   0   1   0  39
16  11   2   1   7   3   7  40  16   3   1   7   0  69  21   1   1   5   0  80  12   0   2   2   0   2   1   1   0   3   0   0   1   2  68
7   7   1   1   3   2   3  15   7   1   2   3   0  34  15   2   1   2   0  39   7   1   2   1   0   0   3   1   3   1   1   0   2   2  33
19  14   2   1   6   0   6  35  12   1   1   6   0  63  22   2   2   4   0  75  12   1   2   1   0   0   2   3   2   2   2   0   2   0  63
14  10   2   2   4   3   5  30  11   1   0   4   0  57  19   2   2   3   0  62   8   1   2   1   0   2   1   1   2   0   3   0   1   0  52
0  1  1  1  0  8  6  0  1  2  2  0  8  0  0  2  2  0  6  5  6  1  2  0  4  3  0  3  1  3  1  2  1  2  4
11   8   0   1   4   7   7  21   9   2   1   2   8  33  10   2   1   1   4  26   0   0   1   0   5   2   0   1   3   1   0   0   2   2  22
7   7   0   2   6   0   6  18   8   1   1   6   0  50  22   2   2   4   0  52   6   0   2   1   0   1   3   1   1   0   1   1   2   0  44
2   4   1   2   1   7   3   5   5   1   1   1   5  17  10   1   2   1   4  11   0   0   2   0   1   0   1   2   2   1   1   0   1   1   9
12   9   2   2   3   3   4  24  10   2   2   3   0  49  19   2   1   2   0  42   0   1   2   0   0   2   3   3   3   1   1   0   2   1  36
7   6   2   0   1   8   5  18   8   3   1   1   8  34  12   2   2   1   7  29   2   1   1   0   2   0   0   0   0   3   2   1   1   2  25
8   7   0   1   5   4   5  25  12   2   2   5   0  48  16   1   1   4   0  56   9   1   2   1   0   3   2   3   0   3   2   1   1   2  48
12   9   2   1   3   4   3  17   5   1   3   2   0  36  14   2   3   2   0  45   9   2   1   1   0   1   2   2   0   3   2   2   0   1  38
9   8   1   2   4   0   5  29  14   3   1   4   0  53  19   1   2   3   0  61   9   1   3   1   0   3   2   0   0   3   1   2   1   1  52
11   8   1   1   4   2   4  26  12   2   2   5   0  50  17   1   3   4   0  59  10   0   1   1   0   0   1   1   3   3   2   0   1   1  50
17  12   2   2   3   1   3  27   9   2   0   2   0  34   7   1   2   1   0  29   0   1   1   0   0   3   1   1   3   2   3   2   1   0  24
13  10   1   1   7   1   7  29  12   2   1   6   0  57  21   2   1   4   0  60   6   0   3   1   0   2   1   1   2   3   3   0   1   1  51
0  1  1  3  0  8  5  0  0  2  3  0  3  0  0  2  3  0  0  6  6  1  2  0  0  2  1  2  2  2  2  1  1  0  5
9   8   1   2   6   2   6  24  11   2   2   6   4  50  18   2   2   4   0  59  10   0   2   1   0   1   0   1   1   2   1   1   1   0  51
5   5   1   1   1   8   6  12   7   3   1   1   1  26  12   2   2   1   1  20   0   1   1   0   0   0   1   0   0   2   3   1   0   0  17
17  12   1   0   6   5   6  31  11   1   2   7   0  61  22   2   3   5   0  68   9   0   2   1   0   1   3   3   0   3   2   2   2   1  58
7   7   1   1   3   6   4  20  11   2   1   3   4  36  14   1   2   2   0  38   5   0   1   1   0   3   1   2   2   3   3   2   0   2  33
11   9   1   2   3   1   3  19   8   1   2   3   2  33  12   2   2   2   0  26   0   1   1   0   0   2   0   0   3   1   2   0   1   1  22
18  12   2   1   3   2   3  31  11   2   1   2   0  36   7   3   2   1   0  30   0   1   1   0   0   3   1   1   1   3   0   1   1   2  26
16  12   1   0   5   6   6  29  10   2   2   5   4  47  15   2   2   3   5  52   8   1   3   1   1   0   0   3   0   1   1   0   2   2  44
9   7   1   3   3   4   3  20   9   2   1   2   0  37  14   2   3   1   0  37   5   0   2   0   0   3   3   1   3   2   3   0   2   0  32
10   8   1   2   2   6   3  15   5   1   3   1   8  11   0   2   2   0   8   8   1   1   2   0   3   2   0   2   0   3   3   0   1   1   7
14  11   1   2   7   3   7  24   9   1   2   7   1  53  20   1   3   5   3  69  15   2   2   2   0   1   0   1   0   3   3   2   1   2  59
9   7   0   1   6   6   6  22  10   1   2   6   3  44  16   1   3   5   0  56  12   0   2   2   0   1   2   0   3   2   0   1   1   0  47
17  12   2   0   4   2   4  26   8   1   2   4   0  42  14   1   2   3   0  46   6   0   2   1   0   1   1   3   0   0   1   2   0   0  39
17  12   2   3   4   4   5  27   9   1   2   4   1  47  15   2   2   3   0  55   9   1   1   1   0   3   1   3   1   1   1   2   2   2  47
15  10   1   0   6   4   6  34  13   2   0   7   2  55  16   1   2   5   2  66  12   0   2   2   0   1   1   1   0   0   2   1   2   1  56
12   9   1   0   5   3   5  24  10   1   3   5   0  48  18   2   2   3   0  48   5   0   1   1   0   0   2   2   0   1   3   0   0   2  41
12   9   2   3   4   0   5  28  12   3   0   4   0  54  20   2   2   3   0  56   6   0   1   1   0   3   3   1   0   3   0   2   2   2  47
10   8   0   1   4   6   6  20   8   1   1   4   2  37  15   1   2   2   0  44   8   1   1   1   0   1   2   0   3   0   1   2   0   0  38
23  15   3   1   5   1   5  32   9   1   2   5   0  62  22   3   2   4   0  68   9   0   1   1   0   0   2   1   0   3   1   0   2   0  58
1   4   3   1   1   8   5   7   6   1   1   1   5  22  12   1   2   1   0  25   6   2   2   0   0   1   0   1   2   2   1   1   1   0  21
12  10   2   1   2   8   6  28  11   3   1   2   0  32   7   1   2   1   0  25   1   1   1   0   0   0   3   0   0   3   1   1   0   1  21
12  10   1   0   6   6   6  33  14   2   1   6   2  60  19   1   2   4   0  63   7   0   3   1   0   1   2   1   1   0   2   2   1   1  54
10   8   1   1   5   5   6  23  10   2   2   5   0  46  17   1   3   4   0  62  15   1   2   2   0   0   3   1   0   2   2   0   0   0  53
12   9   1   1   5   4   6  23   9   1   0   4   2  38  12   1   1   2   4  47  10   1   2   1   0   3   1   1   0   3   2   1   1   2  40
17  12   2   1   4   6   4  28   9   1   1   4   3  49  16   2   2   3   0  55   8   1   1   1   0   1   2   1   3   3   0   1   2   1  46
15  10   1   1   5   2   5  30  11   2   2   5   0  51  16   1   2   4   0  57   9   0   2   1   0   0   3   1   2   2   1   0   2   1  48
18  12   3   2   3   4   3  31  10   2   2   3   0  55  18   2   2   2   0  56   5   1   2   0   0   0   3   1   0   2   1   0   2   0  47
14  11   2   1   5   6   6  30  12   2   2   4   2  49  16   1   3   3   3  52   7   1   2   1   1   1   1   1   0   2   2   2   2   0  44
19  12   2   1   6   4   6  38  14   2   0   6   2  68  21   2   1   4   0  74  10   1   3   1   0   0   0   0   0   2   2   0   0   1  63
18  12   2   0   6   2   6  28   9   1   1   5   0  49  16   1   1   3   0  56   9   1   2   1   0   1   2   3   2   2   1   2   2   1  48
13  10   1   1   6   5   7  21   8   1   3   6   3  39  14   0   2   4   0  49  10   1   1   1   0   2   2   3   2   2   0   1   2   0  41
15  11   2   1   5   6   6  28  11   1   1   4   2  55  20   2   2   3   0  64  11   1   1   1   0   3   1   1   1   3   2   2   2   2  55
0  0  0  2  0  8  7  0  2  1  2  0  5  0  0  0  2  0  2  0  0  0  3  0  0  2  2  2  3  0  1  0  1  1  0
13  10   1   1   6   1   7  34  15   2   1   6   0  61  19   2   1   4   0  71  11   0   2   1   0   2   3   3   2   3   1   1   2   2  60
18  12   3   3   5   7   6  32  11   2   2   6   3  57  18   1   1   4   5  62   9   0   1   1   2   3   1   1   0   2   1   1   2   0  52
11   8   2   3   3   1   3  20   8   2   2   3   0  38  14   2   2   2   0  50  12   1   2   1   0   2   2   0   2   0   3   0   0   0  42
9   8   0   1   6   5   7  26  12   3   2   5   2  57  22   2   2   4   5  60   8   1   3   1   1   3   2   3   0   1   3   0   1   1  51
9   7   1   2   4   1   4  20   9   1   0   4   0  45  19   1   1   3   0  51   8   1   1   1   0   1   3   1   3   0   0   2   1   0  44
16  11   1   1   6   3   6  33  13   2   1   5   3  56  18   2   1   3   4  67  11   1   1   1   1   0   0   3   0   1   2   0   2   2  57
14  11   2   2   5   6   6  29  11   2   1   5   1  56  20   2   2   4   4  60   7   0   2   1   0   3   3   2   0   3   2   2   0   1  51
16  11   2   1   5   1   5  29  11   2   3   4   1  42  12   2   2   2   0  49   8   1   3   1   0   0   0   2   1   3   1   0   0   2  41
10   8   1   2   6   3   6  29  13   2   0   6   0  55  19   2   3   4   0  64  10   0   1   1   0   1   3   0   2   3   3   2   0   2  54
17  12   2   1   6   1   6  28   9   1   1   5   0  48  15   2   1   3   0  57   9   0   2   1   0   2   2   1   1   0   3   0   2   1  49
14  10   2   2   3   1   3  24   9   1   1   3   0  45  16   2   2   2   0  51   9   1   2   1   0   1   2   0   2   2   1   1   1   0  44
14  10   1   2   5   6   7  31  13   3   2   5   0  60  20   2   2   3   0  66  10   1   2   1   0   0   3   1   2   3   2   0   0   2  56
18  12   1   2   5   3   5  33  11   2   1   5   4  58  18   1   1   3   0  66  10   2   2   1   0   2   0   2   3   1   2   0   0   2  56
16  12   2   1   5   3   5  36  14   2   1   5   0  56  15   2   2   3   0  65  10   1   2   1   0   0   1   1   1   0   2   0   2   1  55
14  10   1   1   5   3   4  28  10   2   0   5   0  47  15   0   2   3   0  50   6   0   2   1   0   0   1   1   3   1   3   0   2   2  43
12   9   1   1   3   1   3  22   9   2   3   2   1  34  10   2   2   1   0  27   0   1   3   0   0   1   0   3   1   0   2   1   2   0  23
13   9   2   1   4   4   5  29  12   2   1   5   2  53  18   3   2   4   1  67  13   1   3   2   0   2   2   0   0   2   2   1   1   0  57
7   7   0   1   5   6   6  25  13   2   1   5   1  53  21   3   2   4   0  56   7   1   2   1   0   2   3   3   1   1   1   0   0   2  48
9   7   0   3   6   3   6  14   6   0   2   6   0  36  16   1   2   4   0  42   8   0   3   1   0   2   2   1   2   1   3   0   1   2  36
13   9   1   1   4   7   6  24   9   2   3   3   6  46  17   2   2   2   3  42   2   1   2   0   0   0   0   3   1   1   3   0   2   2  35
24  17   3   0   4   5   5  35   9   1   3   4   5  55  17   2   3   2   6  48   0   0   3   0   6   0   0   2   0   3   0   0   1   1  41
12   9   1   2   7   1   7  25  10   1   2   7   0  49  18   0   1   5   0  69  15   1   2   2   0   2   1   1   2   1   1   0   1   2  59
10   8   0   1   5   5   6  21   8   1   1   5   0  43  16   2   3   3   0  45   7   0   2   1   0   2   2   3   2   3   0   0   1   1  38
19  13   3   2   4   5   4  28   9   1   2   4   0  50  18   3   2   3   0  56   9   0   3   1   0   3   3   1   0   3   3   1   2   2  47
12   9   0   1   5   6   6  23  10   1   1   5   3  44  15   1   2   4   0  66  17   2   2   2   0   1   1   3   3   1   0   1   1   1  56
15  11   1   1   5   2   5  27  10   2   2   5   0  60  23   2   1   4   0  67  10   0   1   1   0   0   3   3   0   3   2   0   0   2  57
14  11   1   2   6   2   6  34  14   2   1   7   0  56  17   2   2   4   0  60   8   0   2   1   0   0   2   1   0   3   2   1   2   2  51
14  11   2   2   7   0   7  27  10   1   2   6   0  51  18   1   2   4   0  60  11   1   1   1   0   3   2   1   0   3   0   2   1   2  51
13   9   1   1   5   5   6  32  13   2   0   5   1  61  20   2   1   4   0  65   8   0   2   1   0   1   2   3   3   1   0   2   1   1  55
12   9   1   2   4   4   4  30  13   2   1   4   3  47  14   2   3   2   0  51   8   2   2   1   1   0   0   0   0   3   0   1   0   2  43
15  11   2   2   7   1   7  30  12   1   2   7   0  47  14   0   2   5   0  55   9   0   1   1   0   3   2   1   1   3   3   1   1   1  47
19  13   3   3   7   2   6  34  11   2   1   6   0  61  21   2   2   4   0  69  10   1   1   1   0   1   2   3   0   1   2   1   2   2  59
12   9   1   3   5   1   5  21   8   1   1   4   0  37  13   1   2   3   0  38   5   0   3   1   0   3   1   0   3   1   2   2   0   2  32
11   8   1   1   3   7   5  23  10   2   2   3   3  37  12   1   2   2   0  39   5   0   2   1   0   2   2   2   2   0   0   0   1   0  33
9   8   1   1   4   3   4  17   7   0   1   4   0  38  15   1   2   3   0  52  12   1   3   1   0   0   1   1   2   2   3   0   2   0  44
16  11   2   0   6   2   6  38  15   3   1   6   0  64  20   1   1   4   0  71   9   0   3   1   0   0   2   3   2   1   0   0   1   2  60
16  12   2   1   7   6   7  30  11   2   3   7   1  57  20   2   1   5   2  68  12   1   3   2   1   3   3   3   0   0   0   2   1   1  58
12  10   1   0   5   6   6  25  10   0   1   5   1  48  18   2   2   3   0  60  11   2   1   1   0   0   3   2   2   2   1   0   1   0  51
11   9   1   2   6   0   6  26  11   1   2   6   0  54  20   1   2   4   0  59   7   1   2   1   0   0   2   2   3   3   3   0   0   1  50
11   9   2   1   3   1   4  28  12   2   0   3   0  47  15   1   2   2   0  50   7   1   3   1   0   1   0   1   3   2   0   2   1   1  43
12  10   2   1   5   5   6  28  12   2   1   5   2  51  17   2   2   3   0  57   7   1   2   1   0   0   3   1   3   3   1   0   1   1  48
16  11   2   1   3   7   5  26   9   2   3   3   1  41  13   1   1   2   0  41   5   0   2   0   0   1   1   2   2   3   1   0   1   2  35
19  13   2   1   5   5   6  21   4   2   1   1   8  14   0   1   2   0   8   9   0   0   2   0   1   3   0   1   0   0   1   2   2   0   8
4  5  2  3  1  8  5  4  2  1  1  0  8  0  0  3  3  0  5  2  3  0  1  0  1  3  0  3  2  2  3  1  1  0  2
14  10   1   2   5   1   5  27  10   1   0   4   0  44  14   1   3   3   0  51   9   1   2   1   0   1   2   1   3   2   1   1   1   1  43
12   9   3   1   2   5   3  20   8   2   2   2   0  39  14   2   1   2   0  47  10   1   1   1   0   0   1   3   3   1   3   0   1   2  40
13  10   1   0   5   6   6  32  13   2   3   5   0  52  15   1   1   3   0  54   7   1   2   1   0   1   3   2   3   1   2   1   1   1  46
16  12   2   1   6   4   6  30  10   2   3   5   1  61  21   2   2   4   0  66   8   0   1   1   0   3   2   3   2   0   3   1   2   0  56
10   8   0   1   6   4   6  20   8   1   2   5   0  46  19   2   2   3   0  53   9   0   1   1   0   0   2   1   3   3   2   0   2   2  45
19  14   2   1   7   4   7  32  11   2   1   6   1  67  23   3   2   4   0  70   7   0   3   1   0   3   1   0   1   3   1   0   0   1  59
20  13   3   2   4   7   6  15   0   1   1   0   8  10   0   2   1   0   4   6   0   2   2   0   4   3   0   0   1   1   0   1   0   2   5
17  12   2   1   5   5   6  23   7   1   1   4   2  33  11   0   3   2   0  39   8   0   2   1   0   2   1   1   2   3   3   0   1   2  33
19  13   2   1   6   0   6  33  11   2   3   6   0  59  19   2   1   4   0  64   8   0   3   1   0   1   2   3   3   1   2   2   2   2  54
24  16   3   1   6   5   6  42  13   1   0   5   0  61  16   2   2   3   0  61   6   1   3   1   0   0   2   2   1   3   1   0   0   0  52
20  13   2   1   5   1   4  34  11   2   3   5   0  61  21   3   3   3   0  65   8   0   3   1   0   0   1   2   1   3   0   0   0   2  55
10   8   1   1   4   7   5  25  11   2   2   4   4  47  17   1   1   3   2  59  11   0   1   1   0   1   0   3   1   0   3   2   0   0  50
19  13   2   1   7   1   6  28   9   1   3   6   0  51  17   1   1   4   0  54   7   1   2   1   0   2   1   2   0   2   3   0   0   0  46
19  14   3   1   6   2   6  31  10   1   1   6   0  65  23   3   2   4   0  70   8   0   2   1   0   0   3   1   3   2   1   1   2   0  60
27  18   3   0   6   0   7  41  11   1   2   7   0  62  17   2   2   4   0  71  11   0   1   1   0   0   3   3   0   3   1   0   2   2  61
5   6   1   3   3   4   3  13   7   1   2   3   0  25  11   1   3   2   0  36  10   1   3   1   1   3   2   1   0   3   0   2   2   2  31
15  11   1   1   6   0   6  24   8   1   3   6   0  51  20   2   2   4   0  61  11   2   2   1   0   0   3   3   0   0   0   0   2   1  52
16  12   3   1   3   4   4  21   6   0   2   2   1  36  12   2   1   1   0  27   0   0   2   0   0   2   1   3   1   1   2   1   1   1  23
19  13   2   1   4   2   4  34  11   2   0   4   0  59  19   3   3   3   0  64   8   0   3   1   0   3   3   1   3   2   2   1   2   0  54
13  10   1   1   4   3   5  29  12   2   0   3   0  48  14   2   1   2   0  50   6   1   2   1   0   3   2   0   1   3   2   1   1   2  42
17  11   1   0   4   7   6  25   8   1   0   4   4  40  14   2   3   2   0  42   6   0   2   1   0   0   1   0   1   1   1   0   1   2  36
12  10   1   1   4   6   6  21   8   1   1   4   0  46  19   1   2   3   0  51   8   0   2   1   0   1   1   1   0   2   0   1   2   0  43
15  10   1   3   6   1   6  33  12   2   2   5   0  50  13   0   3   4   0  65  14   1   1   1   0   3   3   1   2   2   1   2   2   1  55
17  13   2   1   4   1   4  34  12   2   1   4   0  58  18   2   1   3   0  63   9   0   1   1   0   1   3   1   1   1   0   2   1   2  54
13  11   3   3   3   4   3  27  11   1   1   3   0  39  11   1   3   2   0  52  11   1   2   1   0   2   3   1   3   3   2   0   1   1  44
22  14   3   3   6   2   6  36  11   2   1   6   5  59  17   1   3   5   3  75  15   1   1   2   0   3   0   1   1   3   3   1   2   1  64
12   9   2   1   3   4   3  20   8   1   2   2   0  28   8   2   3   1   0  24   2   1   3   0   0   0   2   1   3   3   3   0   2   1  21
14  10   1   1   5   2   6  29  12   2   0   5   0  55  19   2   2   3   0  58   7   1   3   1   0   1   3   1   2   1   3   0   2   2  50
16  11   1   1   6   1   6  25   8   1   3   6   3  47  17   1   2   5   0  68  16   1   1   2   0   2   0   2   1   3   2   0   1   2  58
10   8   0   1   4   5   5  25  11   2   1   4   1  41  13   1   3   3   1  47   8   0   3   1   2   1   1   1   0   3   0   2   2   2  40
9   8   2   1   3   8   6  15   6   1   3   2   5  37  16   3   1   2   1  47  10   1   2   1   0   3   2   3   2   3   2   2   2   1  40
8   7   0   1   6   1   6  27  13   2   1   6   2  52  19   1   1   4   0  57   8   1   3   1   0   0   0   3   3   1   3   0   2   2  49
15  11   2   1   4   2   4  27   9   1   1   3   0  41  12   2   1   2   0  53  12   1   2   1   0   2   1   1   0   2   2   0   2   1  45
11   8   1   1   2   8   6  17   7   1   1   2   3  28   9   2   1   1   5  28   4   0   2   0   1   3   3   2   0   2   2   0   1   0  24
20  13   3   3   7   0   6  34  11   2   0   7   0  59  18   2   2   5   0  74  14   1   2   2   0   3   2   1   1   0   1   2   2   0  63
13  10   1   0   7   4   6  32  13   2   2   6   0  49  14   1   2   4   1  57   9   1   2   1   0   2   3   3   0   1   2   0   2   2  48
10   8   1   3   5   6   6  29  13   2   2   5   1  58  20   2   2   4   0  60   7   1   2   1   0   3   3   3   1   0   3   2   2   1  51
12   9   1   1   3   8   6  21   8   2   2   2   4  33  11   2   1   1   0  28   1   1   3   0   0   1   1   1   2   2   2   1   2   1  24
13   9   1   2   5   6   6  27  11   2   1   5   0  48  16   1   2   3   0  56   8   1   3   1   0   0   3   1   3   1   0   0   1   2  48
10   8   3   2   2   6   3  18   8   2   3   2   0  28  10   2   2   1   0  22   0   0   2   0   0   1   3   3   1   3   1   2   2   2  18
12  10   1   1   6   0   6  30  12   2   0   7   0  59  19   1   2   4   0  70  11   0   2   1   0   0   1   1   1   3   0   0   2   1  59
22  14   3   1   5   5   5  33   9   1   2   5   0  58  19   2   2   3   0  66   9   1   2   1   0   1   1   1   3   3   1   1   2   2  56
13  10   1   2   5   0   5  28  11   2   2   5   0  56  21   2   3   4   0  63   9   0   2   1   0   3   2   3   3   3   1   1   2   1  53
10   8   1   1   4   0   4  26  12   2   2   4   0  55  20   2   1   3   0  59   7   0   2   1   0   1   0   1   2   0   1   2   2   0  50
15  11   2   1   5   0   6  29  11   2   2   5   0  44  13   0   3   4   0  46   5   0   1   1   0   3   2   3   2   3   2   0   2   1  39
5  5  1  2  1  8  6  7  4  1  3  1  5  2  0  2  1  0  2  3  3  0  2  0  0  3  1  2  2  0  2  1  1  0  3
13  10   1   0   4   5   5  22   8   1   1   3   1  36  12   0   3   2   0  29   0   0   2   0   0   0   1   3   1   3   1   0   2   2  24
13   9   1   1   6   3   6  28  12   1   1   5   7  46  15   0   2   3   1  54  10   1   1   1   0   3   0   0   1   0   3   0   0   0  46
17  12   2   2   6   6   7  34  13   2   1   5   0  54  16   2   2   4   0  59   8   0   2   1   0   3   3   3   0   1   1   1   2   1  50
20  13   2   2   6   3   6  32  10   1   1   6   2  60  20   1   1   4   0  67  10   1   2   1   0   1   0   2   3   0   2   1   0   1  57
0  0  1  3  0  8  6  0  0  1  2  0  1  0  0  2  2  0  0  6  5  1  3  0  0  2  3  3  2  1  3  1  1  1  5
17  11   2   2   4   2   4  27   8   1   2   4   0  45  14   1   2   3   0  50   7   0   1   1   0   1   1   0   2   3   3   2   1   2  43
11   9   1   1   4   6   4  23  10   1   0   4   2  46  17   2   1   3   0  54   9   0   2   1   0   1   2   1   3   3   3   1   1   1  46
12   9   1   3   6   4   5  26  11   2   2   6   1  59  22   3   2   4   2  65   9   0   2   1   0   3   1   1   0   3   2   1   2   1  56
19  13   2   1   4   7   6  28   8   1   2   4   1  42  12   0   1   3   1  45   7   0   2   1   3   3   2   1   0   3   0   0   2   1  38
22  14   2   1   6   2   7  32   9   1   1   7   3  59  20   1   1   5   0  70  13   1   2   2   0   2   0   0   2   0   1   0   0   1  59
8   7   2   1   2   7   4  20  10   2   1   2   1  35  12   1   1   2   0  45  10   1   1   1   0   1   2   3   2   0   1   2   2   1  38
7   7   1   0   2   8   6  15   6   1   2   2   3  39  16   2   2   2   0  41   6   0   2   1   0   1   1   1   2   3   2   1   2   1  35
11   9   1   1   4   3   3  29  13   2   0   4   0  50  17   1   1   3   0  53   7   0   2   1   0   2   2   1   2   3   3   1   2   1  45
8   6   0   1   2   8   6  18   8   2   2   2   1  23   6   1   2   1   0  18   0   1   1   0   0   0   3   3   3   3   0   0   2   1  15
13  10   1   1   6   6   7  29  12   2   1   6   2  46  14   0   2   4   0  55  10   0   2   1   0   3   2   3   2   3   3   2   2   1  47
10   8   0   1   5   4   5  26  12   2   0   5   0  48  17   2   2   4   0  50   6   0   1   1   0   1   3   1   1   1   3   2   1   1  42
15  11   1   1   6   1   6  31  12   2   1   5   0  57  19   2   2   4   0  62   8   1   1   1   0   3   1   1   2   2   0   0   2   0  53
11   9   1   2   5   3   5  17   7   1   2   4   4  35  13   2   3   3   2  44   9   0   2   1   0   2   0   1   2   3   2   0   1   1  37
17  12   2   3   6   0   5  34  13   2   3   5   2  53  16   1   2   3   0  59   9   1   2   1   0   3   0   3   2   2   0   1   1   0  50
13   9   1   1   3   7   4  23   9   2   2   3   4  48  18   2   2   3   0  50   6   0   2   1   0   0   1   1   3   2   1   1   1   1  42
7   6   0   1   3   6   4  16   8   1   3   3   0  34  14   2   2   2   0  45  10   1   1   1   0   2   3   3   3   1   1   1   2   2  38
16  11   2   2   4   7   5  30  11   2   2   3   6  57  18   2   1   2   3  57   6   1   2   1   1   0   0   3   1   1   0   0   2   2  49
17  12   2   3   6   4   7  32  12   1   1   6   3  52  16   1   2   4   0  61  10   1   2   1   0   3   2   2   2   0   0   2   1   1  52
10   8   0   0   2   8   6  18   7   2   1   2   5  29  10   1   3   1   1  22   0   0   2   0   1   0   1   2   3   2   0   0   0   0  18
22  14   2   1   6   6   7  36  12   2   1   6   2  62  18   2   1   4   1  73  11   0   1   1   0   3   2   0   1   1   3   1   0   2  62
12   9   1   2   7   0   7  28  12   1   1   7   0  55  19   2   1   5   0  67  13   1   2   2   0   3   0   2   0   0   3   0   0   0  57
18  12   2   0   3   5   4  27   8   1   1   2   5  35   7   0   2   1   1  28   0   2   3   0   0   1   0   2   2   2   3   1   0   0  24
11   8   1   2   3   7   5  21   8   1   1   2   6  27   8   1   2   1   7  20   0   0   3   0   8   2   2   1   0   3   0   1   2   2  17
17  12   2   2   5   6   5  39  16   3   0   4   1  57  16   3   1   2   0  65  10   0   1   1   0   2   3   0   0   1   0   0   1   2  56
0  0  1  1  0  8  7  0  0  1  2  0  6  0  2  1  3  0  2  0  0  2  1  0  2  0  1  2  2  2  0  0  0  0  0
6   6   0   1   3   7   4  16   8   2   0   1   8  33  13   2   1   1   4  30   2   0   1   0   0   1   0   1   1   2   1   1   2   0  25
16  12   2   1   7   3   7  21   6   0   3   7   0  44  16   1   2   5   0  59  13   1   3   2   0   3   3   3   0   2   0   2   2   0  50
7   7   1   1   3   6   3  16   7   1   2   3   2  32  12   2   2   2   0  38   7   2   2   1   0   1   2   2   2   3   3   1   0   2  32
9   7   1   2   3   4   4  24  11   2   1   3   0  41  13   2   2   2   0  45   7   1   1   1   1   0   3   2   2   2   0   1   1   0  38
15  11   2   0   3   2   3  30  11   2   1   3   4  50  15   2   2   2   0  60  10   1   2   1   0   1   0   1   2   0   1   1   2   0  51
14  10   1   1   5   4   6  32  13   3   2   5   0  52  16   1   2   3   0  52   5   0   3   1   0   3   2   3   2   2   1   2   1   0  44
14  10   1   1   4   5   4  27  10   1   0   3   2  47  16   2   2   2   2  52   8   0   3   1   0   3   3   0   0   0   2   2   0   0  44
11   9   1   0   6   5   7  30  13   2   1   6   0  49  16   1   1   4   0  56  10   1   2   1   0   0   3   2   2   1   0   0   0   2  48
12   9   1   0   3   6   4  20   8   2   0   2   0  32  10   1   2   1   0  35   6   1   1   0   0   1   3   1   3   1   3   2   1   2  30
12   8   2   3   3   5   3  25  10   2   0   3   6  45  15   2   2   2   0  38   0   1   2   0   0   2   0   0   3   3   1   0   0   2  32
13  10   2   0   2   8   6  20   7   2   1   1   3  29  10   0   2   1   0  26   2   0   2   0   0   0   1   3   1   3   1   0   2   2  22
14  11   2   1   4   3   4  30  12   3   0   4   0  47  14   1   3   3   0  57  10   1   3   1   0   3   1   1   0   3   1   2   1   2  48
15  11   1   1   6   0   7  30  12   2   0   6   0  63  23   2   1   5   0  77  14   1   2   2   0   3   1   0   0   2   0   2   0   1  65
17  12   2   1   5   4   5  32  11   2   0   4   1  49  14   1   1   2   0  60  10   1   1   1   0   1   1   1   3   2   3   1   2   1  51
15  11   1   1   4   0   4  33  12   2   2   5   0  61  19   2   2   4   0  66   9   1   3   1   0   1   2   1   2   3   3   2   2   2  56
15  10   1   3   6   1   6  39  16   2   0   6   2  64  18   2   3   4   0  72  10   1   3   1   0   3   0   1   3   3   2   2   2   0  61
13  10   1   1   5   0   6  29  12   2   1   5   0  52  18   0   1   4   0  66  14   2   1   2   0   0   2   0   0   1   1   0   1   2  56
4   4   0   1   1   8   5  11   6   2   1   1   2  27  13   2   2   1   0  26   3   0   3   0   0   1   2   3   3   3   3   2   1   2  22
9   8   1   3   4   0   5  22  10   2   1   4   0  40  14   0   2   3   0  46   9   0   3   1   0   3   0   1   0   2   3   1   2   0  39
11   9   0   1   7   6   7  24  11   1   1   7   1  54  21   3   2   4   2  58   8   1   1   1   1   3   3   1   0   1   0   1   2   2  50
18  13   2   1   6   0   7  35  13   2   2   5   0  57  17   2   2   3   0  59   8   0   2   1   0   3   1   2   0   3   3   1   1   1  50
18  13   3   1   3   3   3  26   8   1   1   3   0  39  11   1   2   2   0  43   6   0   1   1   0   1   2   0   1   2   3   2   1   0  36
14  11   1   1   5   0   6  29  11   2   2   4   0  50  16   1   2   3   0  48   5   0   2   1   0   0   0   3   2   3   0   0   2   1  40
19  13   2   1   4   4   5  32  11   2   3   4   0  51  15   2   3   3   0  54   6   0   1   1   0   0   2   2   0   3   1   0   1   1  46
14  10   2   1   3   7   4  25  10   2   1   2   6  32   8   1   1   1   1  26   1   1   1   0   2   0   0   3   3   1   0   1   1   2  22
15  11   1   1   6   5   7  31  13   2   2   6   0  54  17   1   3   4   0  58   9   0   1   1   0   2   2   3   3   3   3   0   2   2  49
16  11   2   1   6   0   6  37  15   3   1   5   0  67  21   2   2   4   0  72   8   0   2   1   0   1   0   2   3   2   0   2   0   0  61
15  11   2   1   3   2   3  26  10   2   1   3   0  48  17   2   1   2   0  57  11   0   1   1   0   0   2   3   0   0   2   0   1   0  49
13   9   1   1   5   5   5  31  12   2   3   4   3  47  14   1   1   3   0  48   5   0   2   1   0   1   2   2   1   0   1   1   0   1  41
18  12   2   1   5   5   4  30  11   2   2   4   0  57  20   2   2   3   0  61   7   0   2   1   0   1   1   0   2   3   1   1   0   1  52
17  12   2   3   6   0   6  33  12   2   1   6   0  53  15   2   3   4   0  63  11   2   3   1   0   2   2   3   2   3   1   0   1   2  54
16  11   2   2   4   2   4  31  12   2   1   4   0  45  13   1   1   2   0  43   3   0   2   0   0   1   2   2   1   3   0   2   1   2  37
18  13   2   1   5   2   6  31  10   1   1   6   0  45  13   0   2   5   0  61  15   1   2   2   0   1   3   1   1   3   1   2   1   2  52
18  12   2   1   5   3   5  31  11   2   3   5   0  56  19   1   1   3   0  66  11   1   1   1   0   1   2   2   1   0   2   2   0   1  56
10   8   0   1   5   1   6  23  11   2   0   4   0  42  14   1   2   3   0  43   4   0   3   1   0   1   2   0   1   2   0   0   0   1  37
21  15   3   3   5   3   6  39  14   2   2   5   0  64  19   2   2   3   0  73  11   1   2   1   0   3   1   1   2   0   2   1   1   1  62
14  10   1   1   4   0   4  24   9   3   2   3   0  41  14   1   2   2   0  51  11   1   1   1   0   0   3   3   1   2   2   0   2   1  43
11   9   1   2   3   5   3  21   8   2   3   3   5  37  13   2   1   1   8  30   0   0   2   0   1   0   0   3   0   3   3   0   0   1  26
10   9   1   1   5   2   6  26  12   2   1   5   2  49  18   3   2   3   0  56   9   0   2   1   0   1   0   1   1   2   2   0   0   0  48
17  13   2   0   5   5   6  26   8   1   2   4   5  42  12   0   2   3   4  44   6   0   1   1   0   1   0   0   0   1   2   2   0   1  37
16  11   2   1   4   6   5  31  11   2   1   3   3  44  11   1   3   2   0  50   9   1   1   1   0   0   3   2   1   2   1   0   1   0  42
22  15   2   0   7   3   7  31   8   1   2   6   0  56  18   2   3   3   0  56   6   0   1   1   0   3   1   1   1   3   0   1   0   1  47
7  6  0  3  4  7  6  2  0  1  1  0  8  0  0  2  2  0  8  6  5  0  2  0  2  2  0  2  0  1  3  0  0  1  5
15  11   1   1   5   7   7  26   9   1   3   5   2  61  23   3   3   4   0  67   9   0   2   1   0   2   3   3   2   2   3   1   1   0  57
15  11   1   1   4   4   5  29  10   2   2   3   0  45  13   0   2   2   0  50   7   0   1   1   0   1   2   3   3   3   1   2   2   2  42
6   6   0   1   3   1   4  18  10   1   1   3   0  39  15   2   2   2   0  44   7   1   1   1   0   0   2   2   0   3   0   1   0   2  38
16  12   1   1   5   6   6  31  11   2   1   5   2  48  14   1   2   3   0  54   9   1   2   1   0   2   1   3   3   1   2   0   2   1  46
21  15   3   0   5   4   5  31   9   1   2   5   0  59  21   2   1   4   0  57   5   0   1   1   0   0   1   1   3   1   2   0   2   2  48
4   4   1   3   1   8   6  11   7   1   0   1   8   7   0   2   2   0   7   9   4   0   2   0   2   2   0   0   0   2   3   0   0   1   7
18  13   2   0   4   4   4  28   9   1   2   4   5  48  16   2   2   2   2  54   8   0   3   1   0   1   0   3   2   1   3   2   1   2  46
9   8   1   1   5   7   6  25  13   2   1   5   3  48  17   1   3   4   0  56   9   1   2   1   0   3   1   3   2   3   3   1   1   2  48
16  12   2   1   6   5   6  29  10   1   2   6   1  51  17   1   2   3   0  52   6   1   3   1   0   3   1   3   3   1   2   2   2   1  45
0  0  1  1  0  8  6  0  0  1  3  0  8  0  2  1  2  0  6  0  0  1  1  0  2  2  0  3  1  2  1  1  1  1  0
15  10   1   1   4   6   5  25   9   2   2   4   0  43  14   1   2   2   0  61  14   1   1   1   1   0   3   0   1   2   0   0   0   0  52
15  10   1   1   7   3   6  29  11   2   2   7   0  58  21   2   2   5   0  63   9   0   2   1   0   1   2   3   3   0   3   2   2   0  53
12   9   1   2   4   1   4  27  12   2   2   4   0  53  18   2   2   3   1  55   6   0   3   1   4   0   3   2   0   3   0   0   0   2  47
17  11   2   1   3   7   4  19   4   2   3   1   7  13   0   2   3   0   8  10   1   2   1   0   7   2   0   2   0   2   1   0   0   0   9
19  13   2   1   6   0   6  26   7   0   1   5   0  48  16   1   2   4   0  55   9   1   2   1   0   0   1   2   1   1   0   0   0   1  46
10   8   0   1   5   1   5  23  11   2   1   5   0  41  14   1   1   3   0  48   8   1   1   1   0   2   3   1   1   1   3   0   2   2  41
12   9   0   1   4   2   4  20   9   2   2   3   4  34  11   1   2   1   5  28   0   1   3   0   0   2   0   3   0   0   3   1   2   1  23
11   9   1   2   5   5   6  16   5   2   1   1   8  31  12   1   2   1   3  31   5   0   1   0   2   3   0   3   1   0   0   2   1   1  27
21  14   2   1   7   4   6  38  12   1   1   7   1  62  18   1   1   5   3  76  14   1   1   2   0   3   1   3   0   1   1   2   1   1  65
9   8   0   1   4   2   4  18   8   1   1   4   0  41  17   3   1   2   0  45   7   1   2   1   0   3   3   1   1   2   3   2   2   1  39
13   9   1   2   6   2   6  31  13   2   3   6   1  54  17   1   3   4   3  56   6   0   2   1   0   0   0   3   0   3   1   0   1   1  48
16  12   2   1   4   6   4  31  11   2   3   4   0  50  15   2   2   3   0  52   7   1   3   1   0   1   3   3   2   1   1   1   2   1  44
25  17   3   1   6   1   6  38  11   2   1   6   0  59  16   0   1   3   0  66  10   1   1   1   0   2   3   3   3   1   1   0   2   2  56
0  2  2  1  0  8  5  0  0  2  3  0  2  6  6  2  3  0  0  7  3  0  2  0  0  1  2  2  2  3  3  2  0  1  6
20  14   2   1   6   3   7  32  11   1   0   6   5  58  19   1   1   4   1  63   8   1   1   1   0   3   0   1   2   1   0   0   2   2  54
18  12   2   1   6   0   6  29   9   1   1   6   0  57  21   2   1   4   0  65  10   0   3   2   0   2   3   1   1   3   1   1   2   2  55
12   8   0   0   6   5   6  23   9   1   1   6   4  42  15   1   1   4   0  52  10   1   3   1   0   0   0   3   2   1   3   0   2   2  44
25  16   3   1   7   4   7  45  14   2   2   7   0  68  19   2   2   5   0  77  11   0   1   1   0   0   1   1   3   0   2   0   1   0  65
9   7   2   1   1   8   4  13   5   2   0   1   2   7   0   0   1   0   0   2   0   0   2   0   0   3   3   1   1   3   0   1   1   2   2
15  11   2   1   4   6   5  31  11   2   0   5   0  52  16   0   2   4   0  60   9   2   2   1   0   0   3   1   1   2   3   0   2   0  51
8   6   0   3   3   1   4  18   9   1   1   3   0  38  15   2   2   3   0  48  10   0   1   1   0   2   3   0   2   1   1   0   0   2  41
16  12   3   0   3   7   4  25   8   1   2   3   5  31   8   2   2   1   8  23   0   0   1   0   3   1   0   3   0   0   2   0   2   0  20
16  11   1   1   7   2   6  32  12   1   1   6   0  59  20   2   2   4   0  65   9   0   1   1   0   3   1   3   1   0   3   0   1   0  55
19  13   2   1   7   4   7  36  13   2   1   7   5  63  20   2   2   5   3  73  11   1   2   2   0   3   0   1   1   2   3   2   1   1  62
10   7   2   1   1   8   5  13   4   1   3   1   2  18   7   1   2   1   0  13   0   1   2   0   0   0   2   3   3   3   3   1   2   2  11
14   9   1   2   3   1   3  30  12   2   1   3   2  48  13   1   2   2   0  51   7   1   3   1   0   1   0   2   1   1   3   2   0   1  43
16  11   2   1   4   8   7  29  10   1   2   4   0  52  17   2   2   2   0  66  13   1   1   1   0   0   3   1   2   0   3   0   2   0  56
14  10   1   1   3   2   3  23   8   2   1   3   0  41  14   1   1   2   0  43   5   0   1   0   0   0   2   1   0   3   3   0   2   2  36
16  11   1   3   7   5   7  32  12   2   0   7   0  50  15   1   2   4   0  57   9   0   3   1   0   3   3   1   0   0   0   2   0   1  48
10   8   1   1   3   7   5  24  11   2   2   3   4  42  14   2   2   2   0  50   9   0   3   1   0   0   1   1   3   3   2   0   2   2  42
8   7   0   1   6   2   7  24  12   3   2   6   0  39  12   0   2   4   0  47   9   1   2   1   0   2   1   1   2   0   3   0   1   0  40
12   9   1   1   3   7   4  14   3   2   2   0   8  15   4   1   1   0   6  19   5   0   1   0   1   3   0   2   1   2   3   1   0   1  16
15  11   1   1   6   0   6  29  10   1   2   6   0  55  19   2   2   5   0  61   9   1   2   1   0   1   1   3   3   1   2   0   1   2  52
3  4  0  1  1  8  5  0  0  1  2  0  8  5  6  3  2  0  8  0  0  1  2  0  2  0  0  3  0  1  1  0  2  1  0
12   9   1   1   5   1   5  28  12   2   1   5   0  52  17   1   1   4   0  58   9   0   2   1   0   1   3   1   1   0   3   2   2   0  49
14  10   2   0   3   5   4  21   7   1   1   3   0  34  11   1   2   2   0  43   9   1   2   1   0   0   3   1   0   1   1   1   2   2  37
7  6  2  1  1  8  6  5  1  1  2  0  7  2  1  0  2  0  2  0  1  0  1  0  2  2  0  2  3  0  0  1  0  0  0
4   4   1   1   1   8   3   7   5   2   1   1   6  21  10   1   1   1   2  16   0   1   2   0   0   3   1   2   2   0   1   2   0   0  14
18  12   2   1   4   4   3  23   6   1   3   2   7  31   8   3   3   1   8  32   5   2   3   0   5   2   0   3   0   3   1   0   2   2  27
22  14   2   1   5   3   5  40  13   2   2   6   0  71  22   2   1   4   0  77  10   0   1   1   0   1   2   1   2   1   1   2   2   0  65
13  10   1   0   6   2   6  25   9   1   3   5   0  53  20   2   3   4   0  56   7   0   1   1   0   0   3   2   1   3   3   0   0   1  48
14  10   1   0   4   4   4  29  11   2   3   4   0  48  16   1   1   3   0  54   9   1   1   1   0   1   1   3   0   0   1   2   2   1  46
16  11   2   1   7   4   7  38  16   2   0   7   0  63  19   2   2   4   0  67   8   1   2   1   0   3   3   1   1   3   3   2   2   1  57
15  10   0   0   6   4   6  30  12   3   1   4   6  46  14   1   2   2   1  53   9   1   3   1   0   1   0   1   1   3   2   2   2   2  45
12  10   1   3   6   1   6  30  13   2   1   6   0  48  15   1   2   4   0  58  11   2   3   1   0   2   2   0   2   0   2   0   0   0  49
15  11   2   1   6   0   6  32  13   2   1   5   0  55  17   1   2   4   0  62  10   0   3   1   0   0   0   1   1   3   1   0   2   2  52
13   9   0   1   6   1   6  28  11   1   3   6   3  54  19   1   2   4   0  58   7   0   2   1   0   2   0   2   3   1   0   0   1   1  50
16  11   2   1   3   0   3  28   9   1   2   3   0  55  19   2   2   3   0  60   8   1   2   1   0   1   0   1   0   1   1   2   1   1  51
6   5   0   3   4   7   6  18   9   2   1   3   3  35  13   1   2   2   5  41   8   0   2   1   3   2   3   1   0   3   2   0   1   2  35
18  13   2   0   4   6   4  33  12   2   1   4   1  61  21   2   1   3   0  64   7   1   2   1   0   1   2   1   2   2   3   1   1   0  55
23  15   2   1   5   2   6  37  11   1   2   5   0  55  15   1   1   3   0  59   7   1   2   1   0   3   3   3   3   0   3   1   1   1  50
15  11   1   1   6   6   6  25   9   1   2   7   1  53  20   2   3   5   0  65  12   0   3   2   0   3   2   1   2   3   3   2   1   2  56
16  12   2   1   5   6   6  31  11   2   2   4   0  48  13   2   1   2   0  57  11   1   1   1   0   3   3   3   1   0   3   1   2   0  48
9   8   0   1   7   3   6  26  12   2   1   6   0  52  19   2   2   4   0  55   6   0   1   1   0   0   1   3   3   3   3   1   1   2  47
8   6   1   3   2   8   4  17   7   2   2   2   3  29  11   2   2   1   0  25   1   2   1   0   0   3   3   1   3   3   2   2   1   2  22
12   9   1   1   6   5   6  23   9   1   1   5   4  39  14   2   2   3   4  50  10   2   2   1   0   1   0   1   0   2   2   0   1   0  43
17  12   2   2   7   1   6  32  11   2   1   7   0  57  19   1   2   5   0  74  14   2   1   1   0   0   3   3   3   0   1   0   1   0  63
13  10   2   3   4   6   5  31  12   2   1   4   1  50  15   1   3   3   0  54   7   0   3   1   0   2   3   0   1   2   3   1   0   0  46
20  14   2   1   6   1   6  35  12   1   1   5   0  60  18   1   1   3   0  70  10   1   2   1   0   3   2   1   2   0   3   2   1   1  59
20  14   2   1   5   7   7  29  10   2   2   5   1  59  22   2   1   4   0  61   6   1   2   1   0   0   1   1   1   0   2   0   2   0  52
16  11   1   2   7   1   6  32  13   2   1   7   0  56  18   2   2   4   0  60   7   0   2   1   0   1   2   1   1   3   0   1   2   1  51
18  12   2   1   7   0   7  31  11   2   1   7   0  63  22   2   1   4   0  67   9   0   1   1   0   3   2   3   3   1   0   2   2   2  57
9   7   2   1   2   7   4  10   3   1   3   1   7  18   8   2   3   1   4  13   0   0   1   0   0   3   1   3   3   2   2   2   2   0  11
14  11   1   1   6   2   5  27  10   1   1   6   0  54  19   1   2   4   0  61  10   2   2   1   0   1   3   2   2   0   1   0   0   1  52
12  10   2   0   4   4   4  26  11   2   2   4   0  49  16   1   2   3   0  54   8   1   2   1   0   0   1   3   3   0   2   0   1   0  46
19  13   3   1   4   2   3  29  10   2   0   3   0  51  16   1   2   2   0  60   9   0   2   1   0   2   2   1   0   3   2   0   1   1  51
14  11   1   1   4   3   4  25  10   1   1   4   2  47  16   2   2   2   0  57  11   2   2   1   0   1   0   3   3   3   2   2   2   1  49
8   7   0   0   4   3   4  21  10   1   0   5   3  45  17   3   2   3   2  55  10   0   1   1   0   1   0   3   1   1   3   1   1   2  47
17  12   3   3   5   6   6  25   8   2   3   2   7  31   7   2   1   1   3  23   0   1   3   0   0   3   0   3   1   0   2   0   1   1  20
12   9   1   1   3   3   3  23   9   1   1   3   0  38  13   1   2   2   0  44   9   1   2   1   0   3   3   3   3   3   3   2   1   2  38
17  12   3   3   4   3   4  24   7   0   1   4   0  40  13   2   2   2   0  45   9   2   2   1   0   3   1   0   2   2   3   2   1   0  38
13  10   1   1   4   6   5  26  11   3   1   3   1  39  11   1   2   2   0  44   8   1   2   1   0   0   3   2   0   1   1   0   0   2  38
6   6   1   1   2   8   6   7   4   0   2   1   5  14   7   2   3   1   6  16   5   1   2   0   1   0   2   2   0   2   3   0   0   0  14
15  11   2   1   4   2   4  30  11   2   1   4   4  49  15   2   2   3   1  51   8   0   3   1   0   2   0   3   1   3   1   0   2   2  43
13  10   1   0   6   4   6  32  14   3   2   5   0  63  21   2   2   3   0  63   5   0   2   1   0   1   2   1   0   3   1   2   2   2  54
12   9   1   1   6   0   6  25  10   1   1   6   0  49  18   1   2   4   0  54   7   1   2   1   0   2   3   3   0   1   0   0   2   1  46
7   6   0   1   4   4   5  19   9   1   3   4   0  38  15   2   2   2   0  53  12   2   3   1   0   1   3   2   2   3   1   2   0   2  45
11   9   1   1   4   2   4  22  10   2   1   3   0  45  17   2   1   2   0  38   0   1   2   0   0   1   3   0   1   0   3   2   1   0  33
17  11   2   1   6   4   6  27   9   1   1   6   3  55  20   2   2   4   0  63   9   0   1   1   0   0   0   3   2   0   2   0   2   0  53
6   7   0   1   5   4   6  17   9   2   0   2   8  15   3   1   2   0   8  11   0   0   2   0   1   3   0   1   0   0   1   2   2   0   9
5   6   2   1   1   8   4  14   8   2   1   1   7  24   9   0   2   1   6  16   0   0   3   0   0   0   0   1   0   1   3   0   2   1  13
15  12   2   1   5   4   6  25   9   2   3   3   6  37  10   0   2   2   0  29   0   1   2   0   0   3   0   3   3   1   2   2   2   1  24
12   9   0   0   7   2   6  32  15   2   0   7   0  57  19   2   3   6   0  69  13   1   1   2   0   1   2   2   1   3   1   1   0   2  59
13  10   2   3   5   2   5  30  13   2   0   4   0  48  15   2   1   2   0  53   7   1   1   1   0   2   1   0   0   3   0   0   0   2  45
10   9   1   1   5   3   6  24  10   2   1   4   0  38  12   0   1   3   0  51  12   1   1   1   0   1   3   0   2   3   2   2   0   1  44
18  12   2   2   4   4   4  27   8   1   0   3   5  43  13   2   2   2   5  54  11   1   1   1   4   1   0   1   0   1   0   2   1   1  46
15  10   1   1   5   2   4  26   9   1   2   5   0  54  20   1   1   3   0  61   9   1   2   1   0   3   2   1   3   2   3   1   1   1  52
15  11   2   3   7   6   7  24   8   1   2   7   0  50  18   1   1   5   0  61  10   1   2   1   0   1   3   0   3   0   0   1   0   0  52
14  10   1   1   7   3   7  30  12   1   0   7   4  57  20   2   2   5   0  65  11   1   2   1   0   2   0   1   3   3   0   0   2   2  55
7   6   1   3   2   8   6  12   6   2   2   1   7  18   7   2   3   1   2  12   0   1   3   0   4   2   2   2   2   2   0   1   0   0  10
10   8   0   3   7   0   6  23  10   2   2   6   0  50  20   2   1   4   0  54   8   0   2   1   0   2   0   0   0   0   0   0   1   0  46
4   5   1   0   1   8   7  11   6   3   1   1   4  21   8   2   2   1   0  19   2   1   2   0   0   0   1   2   2   0   1   0   0   0  16
9   7   1   3   5   4   6  25  12   2   1   5   0  50  18   2   2   4   0  62  11   2   1   1   0   2   2   1   0   0   1   0   1   0  52
14  10   2   3   7   0   7  30  11   1   1   6   0  54  18   2   2   4   0  54   6   0   1   1   0   3   3   3   1   1   1   2   2   2  46
15  11   2   3   6   3   6  29  11   1   1   7   1  62  23   2   2   6   0  78  14   1   2   2   0   3   1   3   2   1   1   1   1   1  66
12   9   1   3   6   2   6  31  13   2   2   5   0  55  18   1   2   4   0  59   9   1   3   1   0   3   2   1   3   3   0   1   2   2  50
10   8   1   1   6   1   6  29  13   2   2   5   0  50  16   1   2   3   0  55   9   0   2   1   0   0   2   0   1   3   3   1   0   1  46
0  0  2  2  0  8  4  0  0  1  1  0  1  0  0  2  2  0  0  0  0  2  3  0  0  1  3  0  3  3  1  1  0  1  0
15  10   2   1   3   0   3  22   6   1   1   3   0  38  12   0   1   2   0  43   6   1   3   1   0   0   0   0   1   0   3   0   1   0  36
16  11   1   1   5   5   6  28  10   2   3   5   5  54  19   3   1   4   2  60   8   0   1   1   2   1   0   3   1   1   0   2   2   2  51
11   9   1   1   6   5   6  27  12   2   2   5   6  50  16   2   2   4   0  60  10   1   2   1   0   3   0   0   3   2   2   2   1   0  51
11   9   1   1   3   7   4  19   7   1   1   3   4  36  14   1   2   2   3  37   5   1   2   0   0   2   1   2   1   2   2   0   1   0  32
22  14   3   1   5   6   6  27   6   2   1   1   8  42  13   2   1   1   3  34   0   0   1   0   3   3   0   1   2   0   0   0   1   0  29
12  10   1   1   4   5   5  26  11   2   1   3   3  46  15   1   1   2   0  54  10   0   2   1   0   3   1   0   1   1   2   1   1   2  46
21  14   2   0   4   4   5  34  10   2   3   4   2  52  15   1   2   3   0  53   6   0   1   1   0   3   2   2   1   3   1   0   0   2  45
11   8   0   1   5   3   6  19   8   1   2   4   5  33  11   1   3   2   3  35   5   0   2   1   0   2   0   1   2   3   3   1   2   2  30
13  10   2   1   3   0   4  21   8   1   2   4   0  39  14   2   3   3   0  41   7   1   2   1   0   3   1   2   1   3   1   2   1   1  35
19  14   3   3   5   2   5  35  12   2   2   4   5  57  17   3   2   2   1  65   9   0   1   1   0   2   0   3   2   2   3   0   2   0  55
17  12   2   1   4   4   5  28   9   1   1   4   0  54  18   2   2   3   0  62   9   0   2   1   0   1   1   1   2   0   3   2   2   0  53
13   9   1   1   4   3   4  28  11   2   3   4   0  51  17   2   1   2   0  56   9   0   2   1   0   1   3   3   1   0   3   1   1   0  48
9   7   0   3   5   0   5  25  12   2   1   4   0  43  15   1   1   3   0  54  12   1   3   1   0   2   1   1   3   2   3   0   1   0  46
10   8   2   0   1   8   4  13   4   1   1   1   1  28  11   2   2   1   0  21   0   1   2   0   0   1   3   1   2   2   0   2   2   1  18
17  12   2   1   5   6   5  36  15   2   0   5   2  58  17   2   2   4   0  59   6   1   2   1   0   0   1   0   3   3   0   0   1   2  51
19  14   2   1   6   5   6  31  10   1   0   3   7  37   8   1   1   1   7  30   0   2   2   0   4   2   0   3   0   0   0   0   2   0  26
5   5   0   1   2   8   5  15   8   2   1   2   1  30  12   1   2   2   0  25   1   1   1   0   0   0   3   0   3   0   0   0   0   0  22
20  13   2   0   5   0   5  39  14   2   0   6   0  66  19   2   1   3   0  74   9   0   2   1   0   0   2   2   3   2   3   0   1   1  63
6   5   2   1   1   8   6  10   4   2   1   1   2  13   4   1   3   0   0   8   0   0   2   0   0   1   3   0   1   3   3   2   1   1   7
10   7   1   1   2   8   4  15   5   2   1   1   7  11   0   2   2   0   1  11   3   0   1   0   0   1   0   0   2   0   2   2   0   1  10
7   6   0   2   6   2   6  27  13   2   1   6   5  51  19   2   2   4   1  61  10   1   2   1   5   3   0   3   2   2   0   0   2   0  52
14  11   1   0   7   3   7  23   9   1   2   6   0  50  19   3   2   4   0  70  16   2   2   2   0   1   3   2   1   0   3   1   1   0  59
13  11   1   1   6   0   7  29  13   2   1   6   0  54  19   1   2   4   1  58   8   1   1   1   0   2   1   3   0   3   2   0   2   2  49
0  1  0  1  0  8  4  0  2  1  2  0  5  1  3  1  2  0  2  0  0  1  1  0  0  1  3  2  2  1  0  2  0  2  0
13  10   1   1   4   5   4  24   9   2   1   4   0  53  20   2   1   3   0  54   7   0   2   1   0   0   2   1   1   1   3   0   2   2  46
1  2  1  0  0  8  6  0  0  1  3  0  1  0  0  1  2  0  0  0  0  1  2  0  0  0  3  2  1  1  3  1  1  2  0
9   8   1   0   3   6   4  16   7   1   1   3   0  31  12   2   2   2   0  34   6   0   3   1   0   1   3   3   3   3   3   1   2   2  29
11   9   2   1   2   8   7  14   4   1   2   1   8   7   0   2   3   0   8   8   4   1   2   0   8   2   0   1   0   2   0   0   1   1   6
14  10   1   3   6   6   6  26   9   1   1   5   2  47  16   2   2   4   0  58  11   0   2   1   0   2   1   1   1   3   3   0   1   2  50
15  11   1   3   5   6   6  27  10   2   2   4   3  45  15   2   3   3   0  51   8   0   2   1   0   3   3   3   2   2   0   2   1   1  44
14  10   2   2   4   7   6  25   9   1   2   4   5  42  14   2   3   2   1  52  10   1   3   1   0   2   3   3   3   2   2   0   1   1  44
6   6   2   0   1   8   3  13   6   1   0   1   4  12   3   1   2   0   1  16   5   2   2   0   0   0   2   0   0   2   3   0   0   0  14
11   8   2   2   2   8   6  22   9   2   2   2   5  35  11   3   2   1   1  29   0   1   1   0   0   1   1   2   3   0   0   2   0   0  25
10   8   0   1   3   3   4  24  10   2   2   3   1  44  15   2   2   2   0  35   0   0   2   0   0   3   1   3   1   3   3   2   2   2  30
12   9   2   1   2   3   3  22   9   2   2   2   0  28   7   1   3   1   0  21   0   0   2   0   0   2   3   3   0   2   2   0   1   0  18
11   8   0   2   5   5   5  25  10   1   2   6   2  47  17   1   2   5   0  59  12   0   3   2   0   2   1   3   2   3   0   0   2   2  50
12   9   1   1   5   4   6  22   9   1   1   5   0  47  18   2   2   3   0  54   9   0   3   1   0   3   3   1   1   1   2   2   0   2  46
11   9   1   2   3   7   5  17   7   1   1   3   3  39  16   1   2   3   0  46   8   0   2   1   0   2   3   3   2   3   3   0   1   2  39
9   7   1   3   3   2   3  23  11   2   1   4   0  45  17   1   1   3   0  53  10   0   1   1   0   3   2   1   0   1   1   2   2   1  45
12  10   1   1   5   6   6  25  10   2   1   3   7  42  13   1   1   2   5  50   9   2   1   1   5   3   0   3   1   2   0   2   1   0  42
19  13   2   1   5   7   6  35  12   1   0   5   2  60  19   1   2   4   0  66   9   1   1   1   0   1   1   3   1   1   1   2   1   2  56
11   8   1   1   2   8   6  22   9   1   1   2   6  32  10   2   1   1   0  30   3   1   2   0   0   0   1   0   2   0   3   1   0   1  25
14  11   1   2   5   4   6  32  13   2   1   6   3  58  19   1   2   4   1  72  13   2   2   1   4   3   1   1   0   3   0   2   2   2  61
10  9  2  1  2  7  4  7  0  1  1  0  8  4  1  1  2  0  4  0  0  2  2  0  0  1  0  0  1  2  2  2  1  1  0
10   8   1   2   3   1   4  24  10   2   3   3   0  42  14   1   2   2   0  50  10   1   3   1   0   2   3   3   1   1   2   0   2   2  43
16  12   2   2   5   7   6  32  12   2   1   5   2  50  15   1   2   4   0  61  11   2   1   1   0   2   2   3   3   3   0   0   1   2  52
9   7   1   2   2   7   3  13   5   0   0   2   0  28  11   2   2   1   0  20   0   2   2   0   0   0   3   1   1   1   3   0   2   2  17
9   7   0   0   3   6   5  24  11   2   1   3   1  39  12   2   1   2   0  49  10   0   3   1   0   1   1   2   1   1   1   2   1   2  42
14  10   2   1   4   5   4  28  10   2   2   4   1  44  13   1   3   3   3  53  10   1   3   1   5   1   2   3   0   2   0   2   1   0  45
12   9   2   3   3   4   3  20   7   1   0   2   7  38  14   2   1   1   5  30   1   0   1   0   0   2   0   0   0   0   1   0   1   0  25
10   7   1   1   1   8   6  16   6   2   3   1   6  13   1   2   2   0   6   7   0   0   3   0   0   2   2   3   0   0   2   0   2   1   6
14  11   2   1   5   4   5  29  11   2   1   5   0  47  15   1   2   3   0  58  11   2   3   1   0   1   1   3   1   0   1   2   1   0  50
12   9   2   3   3   4   3  25  11   3   0   2   7  38  12   2   2   1   2  31   0   0   2   0   2   2   0   1   1   2   0   0   2   1  26
19  13   2   1   4   4   5  34  12   2   1   5   0  57  18   1   1   3   0  68  12   1   3   1   0   1   3   0   1   0   1   1   0   0  57
13  10   1   1   4   3   4  26  11   1   1   4   0  44  14   2   3   2   0  52   9   0   1   1   0   1   1   1   1   2   1   1   1   0  44
10   8   1   3   4   2   5  26  11   1   1   4   0  45  14   1   2   3   0  53  10   1   3   1   0   2   3   1   3   3   0   0   2   1  45
8   7   1   1   2   7   4  10   4   1   1   1   3  18   8   2   2   1   0  22   5   1   2   0   0   2   2   0   1   1   3   1   0   2  19
10   9   1   1   4   0   4  22   9   1   1   4   0  48  19   2   2   3   0  62  13   1   2   1   0   2   2   3   2   2   0   0   1   0  53
6  6  2  3  1  8  3  3  0  2  2  0  8  8  6  2  3  0  8  3  0  2  2  0  3  3  0  3  0  3  1  2  2  2  2
16  11   1   1   7   1   6  29  10   2   2   7   0  58  21   2   2   4   0  62   8   0   2   1   0   1   2   3   2   3   2   2   2   1  53
15  12   2   1   4   6   6  27   9   1   1   3   6  52  18   2   2   3   2  55   7   0   3   1   1   3   1   0   1   3   2   0   0   1  46
20  13   2   1   6   4   6  36  13   1   0   5   0  66  22   2   1   3   0  69   7   1   2   1   1   2   1   1   3   2   0   0   1   0  58
9   7   1   1   3   6   4  20   9   2   1   3   2  36  13   1   2   2   0  44  10   1   2   1   0   2   2   0   1   3   3   0   0   1  38
7  7  2  3  1  8  6  4  0  2  3  0  8  0  0  0  2  0  3  1  3  2  3  0  0  2  0  2  2  0  2  1  1  0  1
16  12   2   1   7   0   7  33  12   2   1   7   0  55  18   1   1   5   0  72  15   1   2   2   0   2   0   1   3   3   3   0   0   1  61
11   9   2   2   3   7   6  21   8   1   2   3   4  37  13   1   1   2   0  49  11   1   2   1   0   3   1   2   2   3   1   1   1   2  41
9   7   0   2   6   3   6  17   7   0   1   5   4  38  17   1   1   3   5  47   8   1   2   1   0   1   0   3   0   1   1   2   1   2  40
8   7   0   2   5   0   5  20  10   1   3   5   0  46  19   3   2   3   0  56  10   0   2   1   0   0   0   1   1   0   2   1   1   1  48
5   5   1   2   1   8   4  12   6   2   1   1   2   6   0   2   2   0   2   8   4   1   1   0   0   2   2   0   0   1   1   0   0   1   7
10   8   1   1   4   3   4  18   8   1   2   4   0  33  12   1   1   2   0  44  11   1   3   1   0   0   1   3   1   1   1   0   1   2  38
10   7   0   2   5   6   7  21   8   1   3   4   7  38  13   1   2   2   4  49  11   1   2   1   0   1   0   2   1   0   1   1   0   0  42
12  10   2   0   4   2   4  26  11   2   2   5   0  48  17   2   1   4   0  59  11   0   1   1   0   0   2   2   3   1   1   1   0   2  51
7   6   0   2   4   4   4  15   7   1   0   3   6  29  12   0   1   2   1  28   4   1   3   0   0   2   0   1   1   1   2   1   1   2  24
16  11   2   1   3   4   3  32  12   2   1   3   1  50  15   1   2   2   0  62  12   1   3   1   0   0   3   1   1   2   1   0   1   0  53
13  10   1   1   6   4   6  26   9   1   1   7   3  47  15   1   2   5   0  61  12   0   2   2   0   2   2   1   3   3   3   0   2   2  52
8   7   0   1   2   7   4  19   8   2   1   2   1  44  17   2   1   2   0  53   9   1   2   1   0   2   3   1   1   1   3   0   1   2  45
16  11   1   1   6   4   7  30  11   1   2   5   5  50  15   1   1   3   1  56   9   2   2   1   0   2   0   3   3   1   2   0   2   1  47
14  11   3   0   3   7   6  29  11   2   0   3   1  48  15   1   2   2   0  54   9   0   1   1   0   0   3   1   3   0   2   0   1   1  46
15  11   1   0   6   3   6  34  14   2   0   6   0  62  20   1   2   4   0  72  10   0   2   1   2   0   2   1   1   3   0   0   2   2  61
17  11   1   1   7   2   6  31  12   2   3   7   3  52  17   2   2   4   0  60   9   2   3   1   0   1   0   2   3   3   0   0   0   1  51
5  4  2  3  1  8  4  2  0  1  1  0  6  0  2  2  2  0  0  0  0  0  2  0  0  2  1  1  3  3  1  1  2  1  0
13  10   1   1   6   5   6  26  10   2   3   5   0  48  16   1   3   4   0  53   8   1   1   1   0   1   3   3   2   3   3   2   2   0  45
12   9   0   2   5   3   5  23  10   1   2   4   6  46  17   2   2   3   1  51   7   1   3   1   2   2   0   1   1   3   0   0   1   2  43
14  11   1   1   7   1   7  28  11   2   1   7   2  53  18   1   1   5   0  60   9   0   2   2   0   3   0   3   1   3   2   2   1   2  51
8   6   1   3   2   6   3  19   9   2   1   2   3  26   7   0   3   1   4  19   0   0   1   0   0   2   1   2   0   2   1   0   1   1  16
15  11   1   1   6   2   6  31  12   1   1   5   0  51  16   1   2   4   0  52   5   0   1   1   0   3   2   0   0   1   2   2   0   1  44
11   9   1   2   4   6   4  26  12   2   1   4   3  43  15   1   2   2   4  49   8   1   1   1   0   0   3   0   0   3   2   0   0   1  41
14  11   1   1   5   6   7  27  10   1   1   5   0  48  16   2   2   3   0  55   8   0   3   1   0   0   3   2   3   3   0   0   0   2  46
17  12   2   2   5   4   6  30  10   2   3   5   0  58  20   2   2   3   0  62   9   1   3   1   0   0   3   3   1   3   0   0   2   1  52
17  12   2   1   6   3   7  26   9   1   1   5   1  45  15   1   2   4   1  51   9   1   3   1   0   2   2   1   0   1   3   0   2   1  44
7   6   0   0   4   7   6  22  11   1   0   4   4  47  19   1   1   3   0  49   6   0   2   1   0   0   1   1   2   2   1   0   1   1  41
18  12   2   1   5   0   4  33  12   2   1   6   0  53  16   0   2   4   0  58   7   0   2   1   0   0   2   2   2   3   3   0   0   2  49
12   9   1   3   4   0   4  23   9   1   3   4   0  36  11   1   2   2   0  43   8   1   2   1   0   3   3   2   0   0   0   1   0   0  37
21  14   2   3   7   3   7  38  13   1   1   6   0  59  16   1   1   5   0  71  12   1   2   2   0   3   2   0   2   1   2   2   1   2  61
10   8   1   3   5   1   5  23  10   2   2   5   0  48  19   2   2   4   0  57   9   0   2   1   0   3   3   2   0   2   2   2   0   0  48
10   8   0   1   6   1   5  20   8   1   1   6   0  51  21   2   1   3   0  55   8   1   1   1   0   1   3   3   2   1   2   0   1   2  47
15  10   2   3   2   8   7  23   7   2   3   1   6  30   7   1   2   1   3  24   0   0   2   0   4   3   1   3   2   3   0   1   2   2  21
12   9   1   3   4   3   5  21   8   2   3   4   0  38  14   1   1   2   0  40   6   0   1   1   0   3   2   3   2   1   3   2   2   2  34
10   8   1   0   3   8   6  21   9   2   1   3   6  37  12   1   1   2   0  27   0   1   1   0   0   0   2   1   3   0   0   0   2   0  23
15  10   2   0   3   7   6  27  10   2   1   3   4  52  19   3   1   2   0  43   0   0   2   0   0   0   1   3   1   2   2   1   2   1  36
0  0  2  1  0  8  3  0  0  1  2  0  1  0  0  1  1  0  0  0  2  1  2  0  0  0  3  2  2  0  1  0  0  0  0
15  11   2   1   2   7   3  32  12   3   1   2   1  46  13   2   2   1   4  37   0   2   2   0   1   0   2   3   0   2   1   0   0   0  31
17  12   1   1   7   2   7  26   8   1   2   7   1  50  18   2   3   5   0  53   7   0   3   1   0   3   1   1   3   2   0   2   2   1  45
