17  12   1   1   6   3   6  33  12   2   2   7   2  57  19   2   3   5   2  64   9   1   2   1   0   1   0   1   0   2   1   2   1   0  54
12   9   2   2   3   7   6  21   8   1   3   3   2  42  15   1   1   3   0  51  10   1   1   1   2   2   2   3   1   3   0   0   1   2  43
13  10   1   1   5   0   6  27  11   1   1   4   0  38  10   0   3   2   0  48  10   2   2   1   0   3   2   1   2   2   1   2   1   0  41
19  13   3   0   4   5   5  29   9   1   2   4   1  57  20   2   2   3   4  61   7   0   2   1   0   1   1   2   0   0   1   2   1   0  52
22  15   3   1   6   5   7  28   8   1   2   6   0  48  16   1   2   4   0  56   9   0   1   1   0   1   2   2   3   1   0   1   0   2  48
13   9   1   2   6   2   6  27  10   1   1   7   0  56  20   3   2   6   0  70  12   2   2   2   0   3   3   1   2   1   1   1   2   2  60
12   9   1   1   7   1   6  23   9   1   3   6   0  53  20   1   1   5   0  61  10   1   3   1   0   1   2   3   3   0   2   2   1   1  52
10   8   1   1   3   7   6  24  10   2   1   3   3  44  15   1   2   2   0  52   9   0   2   1   0   1   2   3   3   1   0   1   0   2  44
19  13   2   3   5   5   5  22   6   1   2   3   7  40  14   2   1   2   1  48   9   0   3   1   0   3   0   0   2   3   1   2   1   2  41
12   9   2   1   2   7   3  16   5   0   1   2   3  26   9   0   2   1   0  30   6   1   3   0   0   3   1   1   3   3   2   2   2   2  25
8   7   1   1   3   5   3  23  11   2   2   3   0  38  12   0   2   2   0  41   6   0   2   1   0   1   2   0   0   1   0   1   1   2  35
15  11   1   3   7   4   6  30  12   2   2   7   3  58  20   3   3   5   4  70  12   0   2   2   0   3   1   1   0   2   2   2   0   0  59
2   3   1   2   1   8   5   6   4   2   2   1   2  16   9   1   2   1   0   9   0   2   2   0   0   2   3   3   2   3   3   1   2   2   7
0  0  1  1  0  8  6  0  1  1  2  0  2  0  0  0  2  0  0  0  2  0  2  0  0  1  3  0  3  3  3  2  1  1  0
8   7   0   2   6   3   6  27  13   3   2   6   0  48  17   1   2   4   0  52   8   0   2   1   0   1   2   1   2   3   1   1   2   0  44
11   8   1   3   5   0   4  21   9   1   2   4   0  44  17   1   1   3   0  52   9   1   3   1   0   2   0   3   2   2   2   0   2   0  44
13  11   1   1   6   4   6  29  12   2   1   6   0  55  18   1   2   5   0  70  14   2   1   2   0   3   3   1   0   3   3   1   2   1  60
10   7   1   0   2   8   6  15   6   1   3   2   2  24   9   1   3   1   0  19   2   0   2   0   0   0   1   3   2   2   0   0   2   0  16
16  12   1   0   7   3   7  28  10   2   3   6   0  50  17   1   1   4   0  57   8   0   2   1   0   1   3   2   2   1   0   1   0   2  49
6   6   0   1   4   6   6  20  10   1   1   4   2  38  14   1   2   3   0  42   7   0   1   1   0   1   3   0   1   3   3   1   0   2  36
8   7   0   0   5   2   5  23  10   1   1   5   1  43  15   1   2   4   0  46   6   1   2   1   0   0   0   0   3   2   1   0   0   0  39
17  11   1   1   6   2   6  27   9   1   3   6   0  49  16   1   1   5   0  56   9   0   2   1   0   1   1   0   0   1   1   2   0   1  48
10   9   1   1   4   1   4  25  11   2   1   4   0  43  14   1   2   3   0  51   8   0   2   1   0   1   3   0   1   1   2   2   0   2  44
9   8   0   1   5   6   6  30  14   3   2   5   0  48  15   0   3   3   0  52   8   0   3   1   0   0   2   3   1   3   3   0   2   2  44
10   8   0   0   5   4   6  27  13   2   1   5   0  50  17   1   2   3   0  65  13   2   2   1   0   1   1   2   1   2   2   2   0   1  55
12   9   1   1   6   1   6  30  12   2   1   7   0  54  19   2   1   5   0  63  10   0   1   1   0   1   1   3   1   1   1   1   0   0  54
8   7   0   1   3   1   3  18   8   1   2   3   0  33  12   1   2   2   0  40   8   0   3   1   0   1   3   3   1   3   0   2   2   2  34
9   8   1   2   3   4   3  18   8   1   3   3   2  35  14   1   3   2   0  44   9   0   1   1   0   1   0   3   2   3   1   1   2   1  38
8   7   0   1   4   4   4  18   9   1   1   3   0  44  18   2   1   3   0  57  12   1   2   1   0   0   2   3   2   2   2   0   1   1  48
14  10   1   1   5   4   5  31  12   1   2   6   0  51  16   1   1   5   0  72  17   1   1   2   0   1   3   0   3   3   0   2   1   1  61
10   8   1   3   4   0   4  20   8   1   2   4   0  35  13   1   3   3   0  39   7   0   2   1   0   2   0   3   0   3   3   1   1   1  33
14  10   1   1   6   4   5  31  13   2   2   6   0  56  18   2   3   5   0  67  11   1   3   1   0   1   1   3   1   3   2   2   2   1  57
8   7   0   0   3   7   6  16   8   1   0   2   3  20   7   0   2   1   0  14   0   1   2   0   0   0   2   0   1   3   2   0   0   1  12
17  12   2   0   4   7   6  27  10   2   1   3   3  39  11   1   3   2   0  43   8   1   2   1   0   0   1   2   3   2   0   0   0   0  37
26  16   3   1   5   2   6  42  12   2   2   5   0  56  13   0   2   3   0  63   8   1   1   1   0   2   2   3   1   3   2   0   2   1  54
15  11   2   2   5   4   5  27   9   2   3   4   6  54  20   2   2   3   3  62  10   0   2   1   0   3   0   2   2   1   2   0   0   1  52
12   9   1   2   5   4   6  26  11   1   1   5   0  48  16   1   2   3   0  58  10   1   3   1   0   0   3   1   0   1   2   0   2   2  50
0  0  2  0  0  8  3  0  0  1  1  0  6  0  0  2  2  0  2  0  0  2  1  0  0  1  0  2  1  3  3  2  0  2  0
19  13   2   2   5   5   6  27   8   1   1   3   7  44  14   2   2   2   3  57  12   2   1   1   0   1   0   3   1   0   0   2   1   0  48
17  13   1   0   6   1   6  43  17   3   1   6   0  66  18   1   1   4   0  68   6   1   2   1   0   1   2   1   0   0   3   2   2   0  58
12  10   2   3   5   3   5  28  11   2   1   5   3  48  15   1   2   3   0  57  11   2   1   1   0   3   0   1   1   1   1   0   1   1  49
8   7   1   1   3   2   3  22  10   1   1   3   4  44  17   2   1   2   0  40   2   0   1   0   0   1   0   3   3   1   1   2   2   1  34
13  10   2   1   5   0   6  22   8   1   3   5   0  45  17   2   1   3   0  54  10   0   1   1   0   1   0   2   1   2   0   2   0   1  46
9   7   1   1   2   8   5  21   9   3   3   2   6  40  15   2   1   2   0  50  10   1   2   1   0   1   2   2   3   0   3   1   1   0  42
6   6   0   1   3   8   6  16   8   2   1   2   5  28  11   1   3   1   3  23   0   1   1   0   5   1   0   2   1   3   0   2   0   2  19
8   7   1   1   3   6   4  26  13   2   1   3   1  44  15   2   1   2   3  52  10   0   2   1   0   2   2   3   0   1   3   1   2   1  44
23  15   3   1   6   1   6  39  12   1   2   5   0  61  17   2   1   3   0  64   7   2   3   1   0   0   2   3   1   0   1   0   1   1  54
15  11   2   1   3   0   3  29  11   2   1   3   0  44  13   1   2   2   0  42   3   0   2   0   0   0   2   0   2   2   1   0   0   1  36
26  17   3   0   6   4   6  42  13   2   1   6   4  54  12   0   2   4   0  62  10   1   1   1   2   1   0   1   2   3   0   1   2   2  53
16  11   2   0   5   0   6  32  12   2   3   5   0  54  17   2   2   3   0  61   9   0   2   1   0   0   2   2   1   3   2   0   1   2  51
14  10   1   1   5   5   6  22   8   0   1   4   1  50  19   3   1   3   0  64  13   1   2   1   0   3   2   1   3   0   1   1   2   0  54
0  0  1  1  0  8  5  3  3  1  2  0  3  0  0  2  1  0  1  0  0  1  2  0  0  2  3  3  1  3  1  0  1  2  0
12   9   1   1   5   0   6  25  10   1   1   5   0  42  13   0   2   3   0  54  13   1   1   1   0   3   3   2   3   3   2   2   0   2  46
0  1  1  1  0  8  6  0  1  2  3  0  4  0  0  2  2  0  2  0  0  2  1  0  1  3  3  3  2  3  2  2  1  2  0
16  12   1   1   6   3   6  37  15   2   0   5   0  65  20   3   2   4   0  70   9   0   2   1   0   0   3   0   0   0   2   1   0   0  60
4   5   0   0   2   8   4   9   6   2   2   2   2  25  13   2   2   1   3  26   3   0   1   0   0   0   3   3   0   0   2   0   2   0  22
13   9   2   2   3   7   6  21   8   1   2   2   7  35  11   1   2   1   1  36   5   1   1   0   0   2   0   3   3   2   2   0   2   1  31
12   9   1   1   2   5   3  16   6   1   1   2   0  23   8   3   1   1   0  21   2   1   2   0   0   0   3   3   0   3   1   1   2   1  18
11   8   0   1   6   2   6  21   9   1   0   6   0  45  18   1   1   4   0  49   6   0   3   1   0   3   3   1   2   0   3   1   1   0  42
18  12   1   2   6   5   7  32  11   1   1   6   2  65  23   2   1   5   3  70   8   1   3   1   0   3   1   2   0   3   2   2   0   2  59
6   6   0   3   3   7   4  17   8   1   3   3   1  34  14   2   2   2   0  48  13   2   2   1   0   3   3   3   2   3   0   2   1   1  41
11   8   1   1   4   7   6  22   9   1   2   4   2  41  14   2   2   2   1  49  10   0   2   1   0   3   3   0   0   3   3   1   1   2  42
11   8   1   3   6   3   6  25  10   2   3   5   0  45  16   1   1   3   0  58  12   2   2   1   0   3   2   3   1   1   1   2   2   2  49
7   6   0   3   5   1   6  20   9   1   1   5   0  48  20   2   1   3   0  54   9   1   2   1   0   3   3   2   0   0   3   2   0   1  46
15  10   1   1   7   0   7  27  10   1   1   6   0  51  18   1   2   4   0  55   7   0   3   1   0   2   3   3   1   3   2   0   2   2  47
18  12   2   0   5   0   5  32  11   2   0   4   0  47  13   1   2   2   0  57  10   2   2   1   0   1   3   0   3   1   2   2   0   1  48
9   7   2   1   2   7   3  20   9   2   2   2   2  35  11   1   2   2   0  40   8   2   3   1   0   1   2   3   3   3   2   2   2   2  34
13  10   2   2   6   4   6  24  10   1   1   6   0  44  16   1   2   4   0  48   7   1   2   1   0   2   1   3   2   1   1   1   2   1  41
11   9   1   1   5   3   6  21   8   1   1   5   0  43  16   1   1   3   0  51   9   2   1   1   0   0   2   0   1   2   2   0   1   0  43
7   6   0   1   5   3   6  22  11   1   1   5   0  41  15   1   1   3   0  44   7   2   2   1   0   0   3   1   2   1   3   1   1   2  37
14  10   1   1   5   2   5  34  15   3   2   6   0  56  17   2   2   4   0  60   8   1   1   1   0   0   3   2   3   3   0   0   0   2  51
17  12   2   1   6   1   6  32  12   2   2   6   3  53  16   1   2   4   0  57   7   0   1   1   0   2   0   3   3   0   2   0   1   0  48
11   8   1   2   3   4   4  21   8   1   1   3   1  34  12   2   2   2   0  37   6   0   2   1   0   2   3   1   1   1   2   0   1   2  32
12   9   1   1   5   3   5  26  11   1   1   5   0  45  15   1   3   3   0  55  12   0   1   1   0   0   2   1   3   3   2   0   2   2  47
17  12   1   2   5   3   5  35  13   2   1   6   0  50  13   0   2   3   0  55   7   0   2   1   0   0   1   1   0   3   1   1   1   2  47
8   7   1   3   3   4   3  16   7   0   2   3   1  34  13   1   1   2   0  34   4   2   1   0   0   3   3   2   1   1   3   1   0   1  29
16  12   2   1   6   3   6  32  11   1   3   7   0  54  17   1   1   5   0  61   9   0   1   1   0   3   1   3   0   3   3   1   2   2  52
12   9   1   3   5   6   6  31  13   3   0   5   3  52  15   1   2   3   0  56   7   0   1   1   0   3   2   1   3   1   1   1   1   2  47
11   9   1   1   3   0   3  21   9   0   1   3   0  34  12   0   1   2   0  28   0   1   1   0   0   0   1   3   2   0   0   0   1   0  24
18  12   2   1   7   0   6  34  12   1   0   6   0  52  15   1   3   4   0  65  13   0   2   2   0   0   0   1   2   2   1   0   1   1  56
13  10   1   0   3   2   3  21   8   2   3   2   0  44  16   2   2   2   0  49   7   1   3   1   0   0   0   2   3   3   2   0   1   2  41
13  10   1   2   7   4   6  30  12   2   1   6   4  45  13   1   2   3   7  58  12   1   2   1   3   1   0   3   0   3   2   0   1   2  49
16  12   2   2   7   5   6  28   9   0   1   7   0  56  19   2   2   5   0  66  11   0   2   2   0   0   3   1   3   3   1   0   2   2  56
3  4  1  1  1  8  4  0  0  1  2  0  8  0  0  1  3  0  6  0  0  1  1  0  2  2  0  3  2  2  2  0  1  1  0
20  14   2   0   7   0   7  30   9   1   2   7   0  52  16   1   2   5   0  68  14   2   2   2   0   1   1   1   2   1   0   2   2   1  58
10   8   2   2   2   8   4  20   8   2   1   2   5  35  13   0   2   2   2  43   8   0   1   1   0   2   2   1   1   3   1   1   1   1  37
10   8   1   0   2   8   5  18   7   2   1   2   6  37  14   1   2   2   3  46   9   0   1   1   0   0   0   3   2   3   2   0   2   2  39
18  12   2   2   7   0   6  30  10   1   1   7   0  60  22   2   2   4   0  65  10   0   3   1   0   0   3   3   3   2   2   1   2   0  55
13   9   2   3   3   6   4  20   7   1   2   2   5  34  11   2   2   1   1  27   0   1   2   0   1   3   2   1   1   0   0   2   2   0  23
10   9   1   3   3   7   4  20   9   1   1   3   5  38  15   3   2   2   5  50  12   1   1   1   1   3   2   1   0   3   2   2   1   1  42
9   7   3   1   1   8   7   9   3   0   3   1   2  27  13   1   1   1   0  21   0   0   2   0   2   3   2   3   2   3   0   2   2   1  18
17  11   1   1   6   0   6  35  13   3   0   5   0  54  15   1   2   3   0  61   9   1   3   1   0   0   2   1   1   3   0   0   1   1  52
15  11   1   1   4   2   4  27  10   2   2   4   0  48  16   1   2   3   0  53   8   0   2   1   0   1   3   0   1   0   0   2   0   1  45
20  14   3   0   5   6   6  22   5   1   3   1   8  17   0   2   1   0   7  11   0   1   3   0   7   1   0   3   1   1   0   1   2   2  10
12  10   1   1   5   6   6  23  10   2   3   5   3  48  18   1   2   4   4  55   9   0   2   1   0   2   3   3   0   1   1   0   2   1  47
0  0  1  1  0  8  5  0  0  1  2  0  7  0  0  2  2  0  3  0  0  1  3  0  7  0  0  2  2  3  0  0  0  2  0
14  10   1   1   6   0   6  26  10   1   2   6   1  53  19   1   2   4   3  55   7   0   3   1   0   3   0   3   0   1   3   2   2   2  47
3   5   1   3   2   0   3  14   9   3   1   2   0  19   7   2   1   1   0  21   5   0   2   0   0   1   3   3   2   1   2   2   1   2  18
16  12   2   1   3   6   3  26   9   1   2   3   2  43  14   2   2   2   5  36   0   1   1   0   6   2   3   3   0   3   0   0   1   2  31
7   7   0   1   4   5   5  18   9   2   2   4   5  41  17   2   3   3   0  43   5   0   1   1   1   1   0   2   1   3   0   2   0   1  36
16  11   1   1   7   1   6  25   8   1   2   6   4  55  22   2   3   5   0  66  11   0   3   2   0   3   0   1   1   3   3   2   1   2  56
8   7   0   1   5   0   4  17   8   1   1   4   0  37  16   2   1   3   0  43   7   0   3   1   0   1   0   3   3   3   2   2   1   2  36
10   8   1   2   4   5   5  24  11   2   0   4   0  36  11   1   2   2   0  43   9   1   1   1   0   1   2   1   0   1   0   1   2   1  36
15  11   1   1   5   3   5  31  11   2   3   5   0  50  14   0   2   3   0  58   9   1   2   1   0   1   2   3   2   2   3   2   1   0  49
9   8   1   1   4   7   6  25  12   2   0   3   7  43  13   0   1   2   2  49   7   0   1   1   0   0   0   1   3   3   1   0   1   1  42
14  10   1   2   4   5   4  24   9   1   0   3   6  39  12   1   1   2   2  44   8   0   2   1   0   1   0   0   1   1   1   2   0   2  38
8   7   1   1   3   3   3  23  11   2   2   3   0  43  16   2   1   2   0  55  11   1   1   1   0   0   2   1   3   0   2   1   1   1  47
17  12   2   0   6   6   7  32  11   1   3   6   0  59  19   1   2   4   0  67  10   0   2   1   1   1   2   3   0   3   0   0   0   2  57
12   9   1   1   6   5   6  22   9   1   1   4   7  33  11   1   2   2   3  34   6   0   2   1   0   3   0   0   2   0   3   1   1   0  29
14  10   1   0   3   1   3  26  10   1   0   3   2  49  17   3   2   2   0  58  10   1   1   1   0   1   0   1   3   2   1   1   1   0  50
16  12   2   1   5   0   5  34  14   2   2   5   0  54  16   1   2   4   0  58   9   1   1   1   0   1   0   1   0   1   1   2   2   2  50
14  10   2   1   5   6   6  24   9   1   1   5   3  46  17   2   2   3   0  50   7   0   3   1   0   2   1   3   2   1   2   0   1   2  43
11   9   0   1   5   4   5  20   9   1   2   5   4  48  19   2   2   3   0  48   6   0   3   1   0   1   0   1   2   3   1   1   1   2  41
8   8   0   1   6   1   6  25  13   2   1   5   0  45  14   1   2   3   0  56  12   2   3   1   0   2   3   1   3   2   0   0   1   1  47
14  10   1   2   7   4   7  31  13   2   3   6   6  50  15   1   2   3   7  51   7   1   1   1   2   1   0   2   0   1   3   2   0   1  43
21  14   2   0   5   3   5  32  10   2   1   5   0  62  22   2   1   4   0  70  10   1   1   1   0   0   2   3   2   1   3   0   0   2  60
22  15   3   1   6   5   7  39  13   3   1   6   3  57  16   1   3   4   5  64  10   0   2   1   1   3   1   3   0   3   2   1   0   2  54
12   9   1   1   3   5   4  26  10   2   2   3   0  44  15   2   2   2   0  54  11   0   2   1   0   0   2   0   0   2   2   0   0   0  46
11   8   1   1   5   2   6  30  13   2   0   5   2  52  18   2   1   3   0  60  10   2   1   1   0   1   0   0   2   3   1   2   0   1  51
0  0  2  1  0  8  5  0  0  1  2  0  2  0  0  1  1  0  0  0  0  1  2  0  0  1  1  0  3  3  2  2  1  1  0
12   9   1   0   6   1   6  29  12   2   2   6   0  55  19   2   2   4   0  63  10   1   2   1   0   0   3   2   0   3   3   0   1   2  54
13   9   1   2   6   6   6  24  10   1   1   5   3  49  19   1   1   4   0  56   9   0   3   1   0   0   2   1   1   3   2   1   2   1  47
9   7   0   1   7   3   7  25  12   1   1   6   0  47  17   1   2   5   0  59  11   1   2   1   0   3   2   3   3   2   3   2   1   0  50
17  12   2   1   5   6   6  27   9   1   1   5   2  63  25   3   1   4   0  62   6   0   3   1   0   1   2   3   3   1   2   0   0   2  53
11   9   2   1   4   2   4  20   8   1   2   4   0  42  17   0   1   3   0  52   9   0   2   1   0   2   2   0   0   3   0   0   1   2  44
16  12   1   1   6   3   6  31  11   1   2   5   0  50  15   1   1   3   0  54   9   0   2   1   0   0   2   2   2   1   0   1   0   2  46
13  10   1   1   4   7   6  25   9   2   3   3   3  43  15   2   1   2   0  53  11   1   1   1   0   0   1   2   2   2   2   0   1   1  45
8   7   1   1   1   8   4  17   8   2   1   1   1  34  12   2   1   1   0  32   3   0   1   0   0   3   3   1   1   2   1   2   1   0  27
17  12   1   1   5   2   5  26   8   0   1   6   0  56  21   2   1   4   0  56   6   0   2   1   0   1   2   2   0   3   1   1   0   1  48
14  10   2   1   3   3   4  27  10   2   2   3   0  43  14   2   2   2   0  47   7   0   2   1   0   1   2   3   1   3   3   2   1   2  40
13   9   1   2   4   4   4  27  11   2   3   4   0  42  14   2   3   2   0  46   6   0   3   1   0   2   2   3   0   2   1   1   2   0  39
10   7   0   1   7   1   7  21  10   1   1   7   0  49  19   1   1   4   0  55   9   1   3   1   0   1   3   1   3   3   3   1   2   2  47
14  10   2   1   5   2   5  30  12   2   0   4   0  55  19   2   2   3   0  59   7   0   1   1   0   3   1   1   1   1   2   2   2   1  50
14  10   1   1   6   5   6  29  11   1   0   6   5  50  16   1   2   4   5  64  12   1   2   1   0   0   0   1   0   1   2   0   2   2  55
7   7   1   1   2   5   3  15   7   1   0   1   1  35  14   2   1   1   0  29   0   2   2   0   0   1   1   1   2   1   2   2   2   2  25
13  10   2   1   3   0   3  20   7   0   1   3   0  40  14   1   3   2   0  46   8   1   2   1   0   2   0   0   1   3   3   0   0   2  39
16  11   1   1   4   7   6  31  11   2   3   4   0  52  15   1   2   3   0  67  13   1   1   1   2   0   3   3   2   3   0   0   2   2  57
11   9   0   1   4   7   6  21   8   1   2   3   4  39  14   2   2   2   0  51  11   1   2   1   0   3   2   1   3   3   2   2   2   1  43
15  12   1   1   7   4   7  29  10   2   3   6   5  56  19   3   2   5   1  71  13   0   1   2   2   0   0   3   1   3   0   1   2   2  60
9   7   1   3   4   4   4  18   8   1   2   3   1  33  12   1   2   2   0  42   9   1   1   1   0   3   2   2   2   0   3   2   0   1  35
18  12   3   3   5   1   5  27   8   1   2   5   4  49  17   2   1   3   7  55   8   0   3   1   2   2   0   3   0   2   3   0   2   0  47
16  12   2   1   5   5   5  28   9   2   2   2   7  34   7   1   1   1   1  25   0   1   3   0   0   1   0   2   3   3   3   2   1   2  21
9   7   0   1   4   0   4  27  13   2   1   4   0  47  15   0   2   3   0  61  14   2   2   1   0   3   1   0   0   3   3   2   0   2  52
18  13   3   1   7   5   7  34  12   2   2   7   0  60  19   2   3   5   0  70  12   0   3   2   0   3   3   1   2   3   3   1   1   2  60
9   7   0   3   7   4   6  23  11   2   2   4   7  46  17   3   2   3   2  60  12   1   1   1   1   3   0   1   1   1   0   2   2   1  51
12  10   1   2   5   6   5  26  11   2   0   3   7  47  16   2   2   2   0  53   9   2   2   1   0   0   0   1   3   0   3   0   1   1  45
7   6   1   3   2   3   3  21  10   2   0   2   5  37  12   1   2   1   0  28   0   1   2   0   0   2   0   1   2   0   1   0   1   0  24
16  11   2   1   7   0   6  29  12   2   1   7   0  52  17   1   3   5   0  65  13   0   1   2   0   1   0   0   2   2   3   1   1   0  55
14  10   2   2   3   8   6  28  11   2   1   3   1  50  17   2   2   2   0  56   7   1   1   1   0   1   3   0   2   0   2   1   0   0  47
11   9   1   1   2   8   6  18   6   1   3   2   0  28   9   0   2   1   0  21   0   1   2   0   0   0   2   3   2   2   1   0   1   1  18
18  13   2   0   6   4   6  30  10   1   1   5   0  47  15   2   2   3   0  52   8   0   1   1   0   0   3   1   2   1   2   0   2   2  44
14  10   1   2   5   0   5  27  10   1   3   5   0  47  15   1   2   4   0  58  11   1   2   1   0   2   3   3   3   1   0   0   2   2  50
18  13   2   1   5   6   7  32  12   2   2   5   3  62  20   2   1   4   4  67   8   0   2   1   0   2   3   1   0   0   3   1   1   0  57
13   9   1   1   5   2   6  30  13   2   1   5   0  46  13   0   1   3   0  51   7   0   2   1   0   1   1   0   2   0   0   1   0   0  44
17  13   3   0   5   0   5  32  11   2   1   5   0  54  17   2   2   4   0  57   6   0   1   1   0   0   2   1   0   2   1   0   2   0  48
9   8   1   1   4   6   5  21   9   2   2   3   6  49  20   2   2   3   1  57  10   1   1   1   5   3   0   3   3   2   0   0   1   0  48
9   7   0   0   6   5   6  27  14   3   0   7   0  65  26   3   2   5   0  65   6   1   1   1   0   0   1   1   1   3   1   0   1   2  56
15  10   1   1   4   7   6  33  13   3   1   4   4  60  19   3   1   3   0  65   8   2   2   1   0   1   2   0   1   3   0   2   0   2  55
15  11   2   1   5   4   5  23   8   1   3   5   4  42  16   2   3   3   1  55  12   1   1   1   3   1   0   3   2   3   0   0   2   2  46
20  14   3   1   4   4   4  32  10   2   0   4   0  44  12   2   2   2   0  45   6   0   3   1   0   2   3   0   2   1   0   0   0   2  38
16  12   1   1   7   3   6  36  15   2   0   7   0  63  19   2   1   5   0  82  16   3   2   2   0   2   2   1   1   0   3   0   2   0  70
6   5   1   3   1   8   6  13   6   2   1   1   2  25  10   2   2   1   0  23   2   0   3   0   2   3   3   1   3   3   0   0   1   2  19
15  11   2   1   4   3   4  30  11   1   1   5   0  50  16   2   2   4   1  64  13   1   1   2   0   3   3   3   0   3   2   2   1   2  54
16  11   1   2   4   5   4  38  16   3   0   5   1  65  20   2   3   4   0  73  10   0   1   1   0   2   2   1   2   3   0   1   1   1  62
16  12   2   1   4   7   6  15   3   1   2   0   8  14   2   2   3   0   2  11   1   0   1   0   5   2   0   2   3   2   0   0   0   1  10
0  0  1  1  0  8  4  0  1  1  2  0  2  0  0  1  2  0  5  0  0  0  2  0  1  1  2  3  0  3  1  2  2  2  0
16  11   2   1   4   4   5  26   9   1   2   4   0  48  17   3   2   3   0  50   5   0   2   1   0   3   2   0   3   0   2   2   1   0  42
10   7   1   0   2   8   6  24  11   2   0   2   5  33   9   1   2   1   0  28   2   0   2   0   0   1   1   0   2   1   3   2   1   2  24
5   5   0   2   4   3   5  11   7   1   3   3   0  35  18   2   1   2   0  42   9   0   2   1   0   2   2   0   1   3   3   0   1   1  36
13  10   2   1   3   5   4  25  10   2   1   3   0  46  15   2   1   2   0  50   7   2   2   1   0   0   3   3   2   0   2   0   1   1  42
4   5   0   0   2   8   4   6   4   1   1   1   8  19  11   0   2   1   6  13   0   0   1   0   0   0   0   3   3   1   2   0   2   1  11
13  10   1   2   6   1   6  29  12   2   2   6   3  51  17   0   2   4   5  59  10   0   1   1   0   2   0   3   0   3   3   0   2   2  50
12  10   1   1   7   0   7  27  11   2   1   7   0  55  19   1   2   4   0  66  11   1   2   1   0   2   3   1   0   3   0   0   2   1  56
22  15   2   1   7   0   6  42  14   2   2   7   0  69  20   2   2   4   0  82  12   1   1   2   0   2   3   3   2   2   1   0   2   0  70
13  10   2   3   6   1   6  34  14   3   3   6   0  62  20   1   1   4   0  80  16   1   1   2   0   3   2   3   3   1   2   2   2   1  68
8   8   1   1   3   7   5  16   6   1   1   2   3  22   7   0   2   1   5  15   0   2   2   0   8   0   1   3   0   3   0   0   1   0  13
13  10   2   3   3   4   4  20   7   2   2   2   6  32  10   1   3   1   0  25   0   2   1   0   0   3   0   1   3   2   3   2   2   0  21
16  11   2   1   3   7   4  21   6   1   1   2   4  23   5   0   2   1   0  21   2   1   2   0   1   2   2   1   2   2   0   0   1   0  18
17  11   2   3   5   6   6  22   6   3   3   1   8  30   8   1   2   1   4  26   1   1   1   0   0   3   0   3   3   2   3   2   2   1  22
13  11   2   1   4   7   6  28  12   2   1   4   0  58  20   3   2   3   0  64   9   1   1   1   0   3   3   1   3   1   1   2   1   1  55
20  13   2   1   7   1   6  32  10   1   3   6   0  54  16   2   3   4   0  63  10   0   3   1   0   1   2   0   1   3   3   1   0   2  53
14  10   1   1   6   0   6  28  10   1   2   6   0  58  21   2   2   4   0  66   9   0   2   1   0   3   3   0   0   1   2   1   0   2  56
14  11   2   3   5   3   6  29  11   2   1   5   0  54  18   2   1   3   0  59   8   0   2   1   0   2   3   1   1   3   2   0   1   2  50
9   7   0   2   7   2   7  20   9   1   1   7   3  52  22   2   2   5   0  66  13   1   2   2   0   1   0   3   3   1   1   2   1   2  56
16  11   2   2   5   6   6  28  10   1   1   5   1  44  14   1   2   3   0  53   9   0   2   1   0   1   2   3   2   2   1   2   2   1  45
17  12   1   1   6   1   6  38  15   2   1   6   0  61  18   2   2   4   0  65   8   1   2   1   0   1   3   1   2   3   2   2   2   2  55
16  11   1   1   6   2   5  29  11   2   2   6   0  54  20   2   1   4   0  61   9   0   2   1   0   1   2   0   1   1   2   1   0   2  52
5   5   2   1   1   8   5  14   7   2   0   1   4  30  12   1   1   1   0  25   0   0   1   0   0   1   2   0   3   1   0   2   1   2  21
11   9   1   0   4   0   4  19   8   1   0   3   0  40  17   2   1   2   0  50  10   1   1   1   0   1   0   1   0   0   0   2   2   0  43
12  10   2   1   3   1   3  25  10   2   1   4   0  47  16   1   2   3   0  55   8   1   2   1   0   0   3   3   3   2   0   0   2   1  46
6   6   0   0   3   7   6  14   7   1   3   3   3  41  19   2   2   3   2  47   8   1   1   1   0   1   3   2   2   0   2   1   1   0  40
13  10   1   3   6   4   6  32  13   2   1   5   4  53  16   2   1   3   5  59   9   1   2   1   0   3   1   1   0   0   1   1   1   0  50
17  11   2   1   3   4   3  29  10   3   2   3   0  46  13   2   2   2   0  57  11   1   2   1   0   0   3   3   1   2   2   1   1   0  49
18  12   2   2   6   3   6  33  12   3   2   6   4  53  17   1   2   4   0  58   8   0   2   1   0   2   0   1   2   0   0   0   1   0  50
13  11   3   3   4   3   5  20   7   1   1   3   4  39  15   1   2   2   0  47  10   0   1   1   0   1   0   3   1   1   0   2   2   1  40
15  11   1   1   6   3   6  32  13   2   1   6   0  53  16   0   1   4   0  65  12   1   1   1   0   3   3   1   1   2   3   2   2   0  56
10   9   1   1   4   2   5  31  15   3   1   4   0  57  19   3   1   3   0  62   9   1   2   1   0   3   2   1   1   2   3   2   1   0  53
21  15   2   1   6   3   6  36  12   3   3   6   4  56  15   2   2   2   7  67  11   1   2   1   3   2   0   3   0   3   2   1   1   1  57
11   9   0   1   4   3   5  24  10   2   2   4   1  38  12   1   2   2   0  35   4   0   2   0   0   3   3   2   1   2   2   2   0   0  30
16  12   1   3   7   1   7  26   9   1   1   6   0  46  15   1   2   4   0  53   9   1   2   1   0   3   3   2   2   2   2   2   0   1  45
18  12   2   1   5   0   5  36  13   2   1   6   0  55  15   1   2   4   0  64  11   1   2   1   0   1   2   0   1   1   3   2   0   1  55
15  11   1   1   4   5   5  21   6   0   3   4   0  40  15   2   2   3   0  50   9   0   1   1   0   3   3   2   0   2   2   0   0   0  43
16  11   1   1   6   1   6  25   8   1   3   6   3  47  17   1   2   5   0  68  16   1   1   2   0   2   0   2   1   3   2   0   1   2  58
21  13   3   2   6   6   6  34  11   2   1   5   2  56  17   1   3   4   0  62   9   2   2   1   0   2   2   1   1   3   2   0   2   0  52
13  10   2   1   5   5   6  24  10   1   2   5   1  44  14   3   3   3   0  52   9   0   1   1   0   1   1   2   0   3   0   1   0   2  44
15  11   2   1   4   2   4  27   9   1   1   3   0  41  12   2   1   2   0  53  12   1   2   1   0   2   1   1   0   2   2   0   2   1  45
11   9   2   1   2   8   5  19   7   1   0   2   4  27   7   2   3   1   0  23   2   0   1   0   0   0   1   1   1   2   0   0   2   0  20
10   8   1   1   3   0   3  21   9   1   0   3   0  40  14   2   1   2   0  33   0   0   1   0   0   0   3   1   2   0   2   0   2   0  28
13  10   2   2   6   2   6  29  13   3   1   6   0  54  17   2   2   4   0  60   8   1   2   1   0   0   3   3   3   3   3   1   1   2  51
11   8   0   1   5   4   5  32  14   3   2   5   0  58  19   2   2   4   0  66  10   2   2   1   0   3   2   2   0   3   1   2   0   2  56
8   7   3   1   1   7   3  12   5   1   0   1   2  19   8   1   2   1   0  12   0   0   2   0   0   1   2   1   2   3   2   2   2   2  11
0  0  1  3  0  8  4  0  0  2  3  0  4  0  0  1  1  0  1  0  0  1  2  0  1  3  2  3  1  0  0  1  1  0  0
12   9   1   1   3   7   6  18   6   1   2   2   7  29  10   2   2   1   5  23   0   1   1   0   3   1   0   0   0   3   1   2   0   2  19
14  10   1   1   3   4   4  26  10   2   1   3   5  47  16   2   2   2   3  55   8   0   2   1   1   3   0   0   0   0   0   0   0   1  47
10   9   1   1   4   6   6  21   9   1   0   4   2  39  14   0   2   3   0  49  11   2   1   1   0   1   2   1   1   0   2   1   1   0  42
8   7   0   2   6   4   6  22  11   2   1   5   3  44  17   2   2   4   0  49   7   0   2   1   0   1   0   1   2   3   2   0   2   2  42
18  12   1   1   5   1   5  32  11   2   3   5   0  57  18   2   2   3   0  65   9   1   2   1   0   1   3   3   2   1   1   2   2   2  55
15  10   2   1   3   2   3  29  11   2   1   3   4  52  18   2   3   3   0  58   9   1   2   1   0   3   0   0   2   3   2   2   1   1  50
16  11   2   1   5   2   5  27   9   1   1   4   0  46  14   1   3   3   0  56  11   2   2   1   0   0   1   3   1   3   3   1   2   1  48
14  11   1   1   5   6   5  20   6   0   2   2   8  15   0   1   3   0   8  16   3   0   2   0   2   3   0   1   0   3   3   1   2   1  14
15  11   1   2   6   0   6  30  12   2   2   6   0  54  17   1   1   4   0  63  10   1   3   1   0   3   2   3   1   3   3   0   1   2  53
15  11   2   1   6   5   6  32  13   3   2   5   2  54  17   1   1   3   2  61   9   1   3   1   0   3   3   1   0   3   3   1   2   2  52
20  13   2   1   7   3   7  36  12   2   3   6   3  65  20   3   1   4   0  66   6   0   1   1   0   3   1   1   2   3   2   2   1   1  56
11   9   1   1   4   0   4  23  10   1   1   4   0  45  17   2   2   3   0  49   8   0   1   1   0   3   0   1   0   3   1   2   2   2  42
7   5   0   3   3   7   5  13   7   2   2   2   4  23   8   1   2   1   2  15   0   2   1   0   4   3   1   1   0   3   0   2   2   2  12
13  10   1   3   4   4   4  25  10   1   1   3   0  43  15   2   2   2   0  52   9   1   1   1   0   2   3   2   2   3   3   0   1   2  44
19  13   3   1   7   4   7  38  14   3   3   7   0  56  15   1   2   5   0  70  14   1   2   2   0   2   2   3   2   0   1   0   1   0  59
15  10   1   3   6   5   6  33  12   2   1   6   5  49  14   0   3   4   1  49   6   1   2   1   0   2   0   3   2   1   1   0   1   1  42
13  10   1   1   5   0   5  27  11   2   2   5   0  43  14   1   2   3   0  49   8   1   2   1   0   2   0   1   3   3   3   0   2   2  42
16  11   2   3   4   4   5  29  10   3   3   3   0  45  13   3   2   2   0  44   4   0   1   0   0   2   2   3   2   0   2   0   2   0  38
13  10   1   1   6   2   6  22   8   0   2   6   5  39  13   0   3   4   1  44   7   0   2   1   0   2   0   2   3   3   1   0   0   1  37
11   8   1   3   6   5   7  25  11   1   0   6   0  56  22   2   2   4   0  64  11   2   2   1   0   3   2   1   2   0   0   2   2   1  55
17  12   1   2   7   2   6  28   9   1   3   6   2  50  17   2   2   4   0  55   8   0   2   1   0   1   0   3   2   3   0   1   2   2  47
17  13   3   0   5   2   4  29  10   2   2   4   0  46  14   0   2   3   0  58  13   1   2   1   0   1   2   3   1   2   1   2   1   0  49
25  16   3   1   5   5   6  38  11   2   2   6   2  64  19   2   2   4   0  74  11   1   1   1   0   2   1   1   3   3   3   0   1   0  63
24  16   3   0   6   4   6  36  10   2   2   5   0  57  17   1   2   3   0  59   8   0   2   1   0   0   1   3   1   2   1   0   2   0  50
3   5   2   2   1   8   4  10   6   2   1   1   5  22  10   2   2   1   0  18   2   0   2   0   0   2   2   1   3   1   0   0   1   1  16
14  11   2   1   5   1   6  28  11   2   1   5   3  49  17   2   2   3   0  62  12   1   1   1   0   3   0   2   3   3   3   2   0   1  53
8   6   1   1   1   8   5  15   6   3   2   1   7  26  10   1   2   1   5  33   9   0   2   1   0   3   1   2   1   0   2   2   0   0  28
12   9   1   0   3   7   5  26  11   2   1   3   6  37  11   1   3   2   0  39   6   1   1   0   0   0   0   0   3   2   1   0   1   1  33
15  11   2   1   4   2   5  27   9   1   1   3   0  50  17   2   1   2   0  54   7   0   2   1   0   1   1   3   2   1   1   1   1   2  46
9   8   1   2   3   2   3  25  11   2   1   3   0  44  16   2   2   2   0  55  10   0   2   1   0   2   1   2   1   3   0   0   0   2  46
11   8   1   1   4   2   4  20   7   1   3   3   0  38  14   2   3   2   0  42   7   0   3   1   0   1   3   2   2   3   3   0   1   2  36
14  10   2   2   5   0   5  26  10   2   1   5   0  45  16   1   2   4   0  54  10   0   2   1   0   1   0   1   3   1   0   2   2   1  46
8   7   1   1   2   7   5  21  10   2   0   2   5  25   7   2   2   1   6  27   4   0   2   0   1   3   1   1   0   3   3   2   1   2  23
11   8   0   2   5   0   6  25  11   1   2   6   0  50  18   1   1   4   0  58  10   1   1   1   0   1   0   1   2   1   3   1   1   2  49
9   8   1   1   4   7   6  15   6   2   3   2   7  21   7   1   1   1   4  16   0   0   1   0   0   0   0   2   1   1   1   0   1   2  13
11   8   2   1   2   8   5  17   6   1   2   1   6  22   7   2   2   1   5  16   0   2   2   0   1   0   1   3   1   3   2   0   2   2  14
9   8   0   1   7   3   7  19   9   1   1   7   0  42  16   0   1   5   0  54  12   0   2   2   0   0   3   1   1   3   2   0   2   1  46
14  10   1   3   5   4   6  29  12   2   1   5   0  48  15   2   3   3   0  52   7   0   2   1   1   2   1   3   3   2   0   0   2   1  44
20  14   2   1   7   5   7  40  14   3   1   6   0  68  21   1   2   4   0  76  10   2   2   1   0   1   2   3   1   1   1   2   2   0  65
10   8   1   1   2   2   3  16   6   2   1   1   2  11   0   2   3   0   0  14   5   1   2   0   0   0   0   1   2   2   1   0   2   0  12
12   9   2   1   4   1   4  28  12   2   3   4   0  42  12   1   2   2   1  49   8   0   2   1   1   2   3   2   0   1   0   0   0   1  42
15  12   2   1   3   2   4  24   8   2   2   3   0  36  11   1   3   2   0  48  12   1   2   1   0   2   1   1   2   3   0   0   1   2  41
10   8   0   0   4   7   6  22  10   2   1   4   1  43  15   1   2   3   0  52   9   0   2   1   0   0   3   3   2   2   2   0   1   0  44
20  13   2   0   6   5   7  30   9   0   2   5   5  45  13   1   3   3   1  56  11   1   2   1   0   0   0   0   3   2   3   0   0   0  47
13  10   1   2   7   4   6  28  10   2   1   6   0  52  19   2   2   4   0  63  11   1   1   1   0   1   3   0   2   0   0   1   1   1  53
16  11   2   0   7   1   6  26   9   1   2   6   0  60  24   3   1   5   0  64   7   0   3   1   0   2   3   1   3   1   2   0   1   2  54
15  10   1   1   7   3   6  28  10   1   0   6   3  45  14   0   1   3   3  51   7   0   1   1   3   2   0   1   0   1   0   0   1   2  43
10   8   1   2   2   8   6  17   7   1   0   2   2  25   8   2   3   1   0  19   1   0   3   0   0   0   2   1   3   2   2   0   2   1  16
12  10   1   1   4   7   6  30  12   3   2   3   6  49  15   3   1   2   2  60  11   1   2   1   0   1   0   3   2   0   1   1   2   0  51
2  3  1  1  1  8  6  3  3  1  2  1  7  0  0  1  3  0  8  3  4  1  2  0  8  1  0  3  0  2  0  2  2  0  2
11   8   2   2   3   8   6  14   4   2   3   1   8  25  10   1   2   1   6  18   0   1   3   0   1   2   0   3   1   3   3   0   1   2  15
14  10   2   3   6   1   5  22   8   0   3   7   0  51  21   2   1   4   0  60  10   1   2   1   0   2   2   2   1   2   3   0   0   0  51
4   5   2   1   1   8   4  11   6   2   1   1   2  24  10   2   2   1   0  18   1   1   2   0   0   0   2   0   2   3   0   1   1   2  16
22  14   2   1   7   2   6  36  12   2   1   7   2  58  17   1   3   4   3  67  10   0   3   1   4   3   1   2   0   3   0   2   0   1  57
5  5  1  1  1  8  6  1  1  2  1  0  8  4  4  2  2  0  6  5  3  0  2  0  2  2  0  3  3  0  1  0  2  1  4
17  12   2   0   4   3   4  29   9   1   2   4   0  46  14   1   1   3   0  49   6   0   2   1   0   1   2   2   2   0   0   2   0   0  42
10   8   1   0   2   8   7  19   7   2   3   2   2  37  14   2   1   1   0  30   0   0   2   0   0   0   3   3   2   1   0   1   2   2  26
18  13   3   1   5   5   6  31  10   2   2   5   2  54  18   1   2   4   2  59   7   0   2   1   0   3   3   2   0   3   1   0   0   2  50
15  10   1   1   5   7   7  31  12   3   2   5   2  57  19   1   2   3   4  59   7   0   3   1   1   2   1   3   0   3   2   0   1   2  51
16  11   2   1   3   5   3  27   9   1   0   3   0  38  10   1   3   2   0  47  10   1   2   1   0   3   2   1   2   3   2   2   2   1  40
2   4   2   1   1   8   6  11   7   2   3   1   6   7   2   1   2   0   1   2   0   0   2   0   0   1   2   3   2   1   2   1   1   2   2
14  10   1   1   5   6   6  26  10   1   1   5   0  50  17   2   2   4   0  60  10   0   3   1   0   1   3   2   3   1   3   2   0   1  51
10   7   1   3   3   7   5  22   9   2   1   3   5  35  11   1   2   2   4  37   5   1   3   0   0   3   2   0   0   3   2   2   0   1  31
16  12   2   1   5   6   6  33  12   2   1   5   0  57  18   2   1   3   0  67  11   1   1   1   0   2   2   3   1   1   0   0   2   2  57
12   9   0   1   7   1   7  27  11   1   1   6   0  44  15   1   3   3   0  51   8   0   1   1   0   3   1   3   0   2   1   2   2   0  43
14  10   2   1   3   7   6  23   9   1   0   3   3  37  11   1   1   2   2  44   8   1   2   1   0   3   2   1   0   1   3   2   2   1  37
6   6   0   0   4   5   4  18  10   2   2   4   1  40  17   2   2   3   0  46   7   0   2   1   0   3   3   1   2   1   0   1   2   2  39
13   9   1   3   6   2   6  31  12   2   1   5   6  50  15   1   2   3   6  59  10   0   2   1   1   3   0   1   0   0   2   2   2   1  50
14  11   1   2   4   7   6  25   9   2   2   4   5  48  17   1   1   3   0  54   8   2   3   1   0   3   1   3   2   0   0   1   1   0  46
14  11   1   1   4   5   5  22   8   0   1   4   4  45  18   2   2   3   1  48   6   0   1   1   0   2   2   3   3   0   3   0   2   0  41
10   8   1   1   3   8   6  22  10   2   1   3   3  39  14   1   1   2   0  35   3   1   1   0   0   2   3   2   1   2   0   0   1   0  30
7   7   2   2   2   5   3  21  10   1   0   2   5  37  14   1   3   2   5  51  12   2   1   1   7   0   0   0   0   2   0   0   0   0  43
13  10   1   2   6   5   7  25  10   1   0   7   1  54  21   1   1   5   0  65  11   1   3   2   0   1   1   1   3   3   1   2   2   1  55
14  10   1   1   4   1   4  18   6   0   1   5   0  41  16   0   1   4   0  47   7   1   2   1   0   3   1   3   1   1   3   2   2   2  40
18  13   2   0   7   2   6  37  14   2   1   7   5  69  22   1   2   5   0  69   6   0   3   1   0   2   0   3   2   1   3   1   1   1  59
6   6   1   1   1   8   4   8   3   1   2   1   3  18   8   1   2   1   6  12   0   0   2   0   6   1   2   2   0   2   0   2   1   0  10
21  14   2   1   7   3   7  39  13   2   2   7   0  54  14   0   2   4   0  59   8   0   2   1   0   0   1   3   3   1   0   0   0   0  50
12   9   1   1   4   7   7  26  10   2   3   4   1  41  13   1   3   2   0  39   4   0   3   0   0   1   3   3   1   2   1   2   2   0  33
12   9   0   1   7   2   7  31  14   2   1   7   0  58  20   1   3   5   0  77  16   1   1   2   0   2   3   2   3   3   1   0   0   2  65
9   8   0   1   7   0   7  29  14   2   2   7   0  61  22   2   1   5   0  74  14   1   2   2   0   0   2   2   1   1   3   1   0   2  63
12  10   1   1   5   6   5  27  12   2   1   6   2  59  22   2   1   4   0  63   7   1   2   1   0   1   1   3   1   3   0   2   1   2  54
13  10   1   2   5   0   6  31  12   2   1   5   0  50  14   0   2   3   0  56   7   2   2   1   0   1   2   1   1   2   0   1   1   0  48
21  14   2   0   6   3   6  35  11   3   3   5   0  49  12   0   3   3   0  57   9   1   3   1   0   1   2   3   0   3   0   2   1   2  48
9   7   0   1   3   5   3  24  12   3   2   3   2  40  12   1   2   2   0  48   9   0   2   1   0   0   0   3   3   3   3   0   2   1  41
9   8   1   2   2   1   3  13   5   1   2   1   3  23  10   1   2   1   0  17   0   0   2   0   0   3   0   3   1   0   2   2   2   0  14
7   7   0   0   4   3   4  19  10   1   0   4   3  37  15   1   2   3   1  46  10   1   1   1   0   1   0   0   2   3   3   2   1   1  39
10   9   2   2   3   4   4  19   8   2   3   2   6  29   9   0   2   1   8  22   0   1   3   0   5   3   0   3   0   2   1   1   2   0  19
13  10   1   1   7   4   7  30  12   1   0   7   0  59  20   1   1   4   0  68  11   2   3   1   0   1   1   1   2   2   3   2   1   1  58
20  13   2   0   6   1   6  32  10   1   1   6   0  52  16   1   1   4   0  60  10   1   2   1   0   1   3   0   1   1   0   1   0   2  51
12   9   2   1   3   7   5  20   7   1   2   2   8  30   9   1   2   1   4  22   0   0   2   0   0   2   0   2   2   2   3   0   1   0  18
11   9   1   0   3   3   3  20   8   1   2   2   3  24   6   0   2   1   2  29   7   2   1   0   5   0   0   3   1   2   0   0   2   0  25
9   8   0   0   5   4   6  23  10   1   1   4   1  46  17   1   2   3   0  53   9   2   2   1   0   0   0   3   1   2   1   0   2   0  45
16  11   2   1   6   2   6  30  11   2   3   5   0  55  18   1   3   4   0  66  12   1   3   2   0   2   3   2   0   2   1   0   1   1  56
20  14   2   1   6   3   7  32  11   1   0   6   5  58  19   1   1   4   1  63   8   1   1   1   0   3   0   1   2   1   0   0   2   2  54
7  6  1  3  3  7  5  4  0  2  1  0  8  9  6  2  2  0  1  4  0  1  1  0  0  3  0  1  3  3  3  2  1  2  3
13   9   2   1   2   8   4  21   8   2   1   2   5  35  11   2   2   1   2  32   2   0   1   0   0   1   2   1   3   0   1   2   2   1  27
10   9   2   2   4   4   4  17   7   1   1   4   4  31  12   2   2   2   0  35   6   0   1   1   0   1   0   2   1   2   0   1   0   1  30
9   8   1   3   5   3   6  23  10   2   2   4   0  44  16   1   2   3   0  52   8   1   3   1   0   3   3   1   1   0   1   1   1   0  44
7   6   1   3   2   6   3  17   7   2   2   1   2  32  11   2   2   1   0  32   4   1   2   0   0   2   3   2   1   3   0   1   0   1  27
9   8   0   1   3   8   7  17   7   1   3   2   7  12   0   1   2   0   8   8   0   1   2   0   0   0   0   3   0   2   3   0   2   0   7
15  11   2   1   4   6   5  31  11   2   0   5   0  52  16   0   2   4   0  60   9   2   2   1   0   0   3   1   1   2   3   0   2   0  51
13  10   1   1   4   7   6  21   7   3   0   1   8  14   0   1   2   0   2  13   4   0   3   0   0   1   0   1   2   1   1   1   1   2  11
15  11   1   1   6   2   6  32  13   2   1   5   2  58  19   3   2   3   5  68  11   2   2   1   2   3   0   2   0   3   2   0   1   2  58
14  10   1   1   4   3   4  23   8   1   1   4   0  40  13   0   2   3   0  38   5   0   2   1   0   3   2   2   0   1   2   2   0   1  32
7  6  2  1  1  8  4  2  0  1  3  0  8  0  1  1  2  0  2  2  3  0  1  0  0  1  0  3  3  1  3  1  2  1  1
11   9   1   3   6   1   5  26  11   1   1   6   0  47  16   0   3   5   0  59  11   1   3   2   0   3   1   1   3   3   3   1   1   1  50
11   8   0   1   5   4   6  27  12   2   2   5   0  44  15   2   2   3   0  53  10   1   2   1   0   1   1   0   0   3   1   1   0   2  45
17  12   2   1   6   4   6  27   9   1   2   6   0  51  17   2   1   4   0  63  12   1   1   1   0   3   2   2   2   1   2   1   0   2  54
22  15   2   1   6   5   6  40  13   1   0   5   0  66  20   3   3   3   0  72   9   1   1   1   0   0   3   0   1   2   2   0   1   0  61
14  11   2   3   6   0   6  26  10   2   2   7   0  56  22   2   1   5   0  76  16   2   2   2   0   3   2   3   0   2   3   2   2   0  64
13   9   1   1   3   7   4  25  10   2   2   4   1  45  15   0   2   3   4  56  10   2   1   1   0   3   2   3   0   2   2   1   1   0  48
16  12   2   1   4   2   4  30  11   2   1   5   1  56  19   1   1   4   0  63   8   1   3   1   0   1   1   2   2   1   3   1   1   1  53
11   8   2   2   2   8   6  20   8   1   2   2   4  36  13   1   1   2   1  43   9   2   3   1   0   1   2   2   2   1   3   2   1   2  37
8   6   1   3   3   1   4  23  11   2   2   3   0  43  16   3   1   2   0  46   7   0   1   1   0   3   3   3   2   2   2   1   2   0  39
6  5  1  2  1  8  5  0  0  1  2  0  8  0  2  0  1  0  7  0  0  1  2  0  2  3  0  3  1  1  1  1  1  2  0
9   8   0   0   3   1   3  17   7   1   2   3   0  38  15   2   2   2   0  43   7   0   2   1   0   0   1   3   2   3   3   0   2   2  37
19  13   2   1   4   6   6  26   7   3   0   1   8  37  10   1   3   1   5  32   2   0   1   0   1   3   0   1   1   2   2   2   1   1  27
14  10   1   1   7   2   6  29  11   2   2   6   0  47  14   1   3   4   0  56  10   0   3   1   0   3   3   2   1   3   3   1   0   1  47
17  12   2   1   4   2   4  33  12   3   1   4   0  51  14   0   2   3   0  61   9   0   3   1   0   0   2   1   1   1   1   0   2   2  52
6   6   0   1   5   5   6  22  11   1   0   5   4  58  24   3   1   3   0  64   9   0   2   1   0   3   2   1   3   2   3   2   1   1  54
2  4  2  1  0  8  4  0  0  2  0  0  5  1  3  1  3  0  0  0  0  1  3  0  0  0  1  1  2  2  1  0  2  0  0
14  11   2   1   6   2   6  31  13   2   1   5   0  62  21   1   1   4   0  63   6   0   1   1   0   3   2   2   3   3   2   1   0   1  53
13  10   1   0   3   6   4  24   9   1   2   3   0  39  12   2   2   2   0  45   8   0   2   1   0   0   1   0   2   2   3   0   0   0  38
7   7   1   3   4   0   4  21  11   2   1   3   0  37  13   1   2   2   0  53  14   2   1   1   0   2   3   3   2   1   0   0   1   2  45
18  12   2   1   6   5   7  31  10   1   2   6   2  54  18   2   2   4   4  56   6   0   2   1   3   3   2   3   0   3   1   0   1   1  48
18  13   2   1   6   2   7  36  13   2   2   7   0  72  24   3   2   5   0  78  10   0   3   2   0   1   2   3   0   2   0   2   2   0  66
14  10   1   0   5   3   6  33  14   3   3   5   0  53  16   1   2   3   0  65  12   1   1   1   0   0   1   2   2   3   1   0   0   2  56
12   9   0   0   7   1   6  26  11   1   1   6   0  50  17   2   2   4   0  54   7   0   1   1   0   1   1   2   1   2   3   2   1   0  46
16  12   2   1   4   3   4  25   9   1   1   4   0  50  19   2   2   3   0  63  12   1   1   1   0   1   1   1   3   2   0   1   0   0  54
9   8   2   3   3   0   4  20   8   1   1   3   0  40  14   2   1   2   0  46   7   0   3   1   0   3   2   0   1   1   2   1   0   2  39
11   8   0   1   4   2   4  22   9   2   2   3   0  39  13   2   2   2   0  46   9   1   3   1   0   3   2   3   2   2   0   0   0   0  39
13   9   1   1   4   7   6  17   5   1   1   1   8  32  12   2   2   1   3  31   3   0   1   0   0   1   0   2   2   0   3   1   1   1  26
10   8   1   1   5   5   6  21  10   1   2   4   0  42  15   1   2   3   0  54  11   1   1   1   0   0   3   0   3   1   2   0   1   2  46
12   9   1   1   6   5   6  18   7   1   2   4   6  17   2   1   2   0   8  10   0   0   3   0   3   1   0   2   0   2   2   2   1   0   8
7   7   0   2   4   6   5  23  11   2   0   4   0  42  15   1   2   3   0  57  12   1   1   1   0   1   3   1   1   2   0   2   1   0  49
16  11   1   0   4   7   6  27   9   1   1   4   2  49  16   2   2   3   2  57  10   1   3   1   0   1   2   1   0   1   1   2   1   0  48
18  13   2   2   5   0   5  39  15   3   1   4   0  57  14   1   2   3   0  64  10   1   1   1   0   0   0   3   2   3   1   0   1   2  54
14  10   1   0   6   3   6  26  10   2   2   7   0  64  25   3   2   5   0  75  11   2   2   1   0   1   3   0   1   2   2   2   0   0  64
10   7   2   1   2   8   4  18   7   1   1   2   2  26   8   1   3   1   0  28   6   2   2   0   0   0   1   0   1   1   1   0   0   2  24
12   9   1   1   5   0   5  20   7   0   1   6   0  52  21   2   3   4   0  64  11   1   2   1   0   1   0   2   2   2   3   2   0   1  54
10   8   1   0   3   0   3  20   9   2   2   3   0  39  15   2   2   2   0  49  12   1   1   1   0   0   2   2   0   2   3   0   1   0  42
14  10   1   2   5   4   6  29  11   2   2   5   0  48  14   2   3   3   0  56  10   1   2   1   0   0   2   0   2   2   3   0   1   0  48
14  10   1   1   4   7   6  25   9   1   3   4   2  47  16   3   2   3   0  53   9   1   2   1   0   2   2   3   3   1   1   1   2   1  45
8   8   0   1   4   6   5  23  11   1   0   5   0  49  18   1   2   3   0  54   7   1   2   1   0   0   3   1   0   3   1   0   1   1  46
19  14   3   1   4   0   4  32  10   1   2   4   0  50  15   1   3   3   0  59   9   0   3   1   0   1   3   1   3   3   2   0   2   1  50
19  13   2   1   6   0   6  34  12   1   2   6   0  56  17   2   2   3   0  55   6   0   2   1   0   2   1   1   1   2   3   0   0   0  47
13   9   1   1   4   3   3  27  11   3   1   4   0  46  14   1   2   3   0  48   6   0   1   1   0   3   1   1   1   1   2   1   2   2  41
11   9   1   1   3   7   5  20   8   1   1   2   6  37  12   0   2   2   2  33   2   0   3   0   0   1   0   2   1   1   3   2   0   0  28
0  3  0  1  1  8  5  5  6  2  1  1  0  0  0  2  2  0  0  0  0  0  2  0  0  2  3  3  3  3  2  0  2  2  0
11   9   1   1   3   1   4  20   8   2   3   3   0  36  12   2   2   2   0  49  12   1   1   1   0   2   2   3   1   3   3   1   2   1  42
15  11   3   0   3   4   3  25   9   1   1   3   1  53  19   2   3   3   0  61   9   1   2   1   0   1   1   1   2   3   0   2   2   2  52
11   9   1   0   3   6   4  17   7   2   1   2   5  26   8   2   1   1   1  20   0   2   2   0   0   0   0   1   2   1   1   1   1   1  17
14  10   1   0   6   4   6  26  10   1   1   6   0  49  18   2   3   4   0  53   8   0   2   1   0   2   1   2   3   3   2   1   0   2  45
10   8   0   1   4   3   5  24  10   1   1   5   0  49  18   1   2   4   1  56   8   0   2   1   0   0   3   3   0   3   3   0   2   1  48
10   8   1   3   5   6   6  25  12   2   3   5   2  46  16   2   2   3   0  54  11   1   2   1   0   2   3   2   2   3   0   0   0   1  46
18  12   2   1   7   0   7  31  11   2   1   7   0  63  22   2   1   4   0  67   9   0   1   1   0   3   2   3   3   1   0   2   2   2  57
9   7   2   1   2   7   4  10   3   1   3   1   7  18   8   2   3   1   4  13   0   0   1   0   0   3   1   3   3   2   2   2   2   0  11
17  12   1   1   5   6   6  33  12   2   1   5   0  54  15   1   2   4   0  54   6   2   1   1   0   0   3   1   1   2   3   1   1   0  46
6   6   0   1   6   0   7  17  10   2   1   5   0  39  17   2   2   4   0  45   8   1   2   1   0   1   3   2   1   1   3   1   0   0  38
9   7   0   3   7   0   6  25  12   2   0   7   1  52  19   2   1   4   0  63  11   1   2   1   0   2   0   0   3   3   0   0   0   1  54
14  10   2   2   4   7   6  24   8   1   3   3   0  43  14   2   1   2   0  47   7   0   2   1   0   2   3   2   0   3   0   0   0   1  40
11   9   1   0   6   1   6  22   9   1   3   6   0  40  14   1   2   4   0  47   9   0   1   1   0   1   1   2   2   1   2   0   0   1  40
10   9   1   1   3   2   3  20   8   1   1   3   0  34  12   2   2   2   0  46  11   0   1   1   0   3   3   2   1   1   2   2   0   1  39
19  13   2   1   6   5   6  33  12   2   1   4   7  48  14   2   2   2   7  61  12   1   2   1   1   1   0   3   0   1   2   0   1   2  52
6   6   0   3   4   7   6  21  11   2   1   5   2  50  20   3   1   4   0  56   8   0   1   1   0   3   3   1   2   3   1   2   2   2  48
7   7   2   2   1   8   6   8   4   2   3   1   5  20  11   2   2   1   1  20   3   0   3   0   0   2   2   2   3   0   2   1   1   0  17
0  0  2  1  0  8  7  0  0  1  2  0  7  0  3  2  1  0  5  0  0  1  2  0  6  0  0  2  3  1  0  1  1  1  0
9   7   0   1   5   5   6  24  12   2   1   4   3  41  14   0   2   3   3  50  10   1   1   1   0   0   0   3   0   1   2   0   1   2  42
13  10   1   2   6   0   6  29  12   1   0   5   0  54  18   1   2   4   0  65  11   1   1   1   0   3   1   1   2   1   1   2   1   0  55
13  10   1   0   5   0   5  26  10   2   1   5   0  46  15   1   2   3   0  50   8   1   1   1   0   0   1   3   0   1   3   1   2   1  42
16  11   2   1   5   6   6  30  12   2   1   5   2  62  22   3   2   4   1  70   9   0   1   1   0   1   1   3   1   3   3   2   2   0  59
20  14   2   2   7   0   7  31   9   1   2   6   0  47  13   1   3   4   0  54   8   0   2   1   0   1   1   2   1   2   1   2   0   1  46
19  12   2   2   6   0   6  37  14   3   3   6   0  65  21   1   1   5   0  76  12   0   2   2   0   2   1   1   3   0   0   0   1   0  65
15  10   2   1   2   8   4  24   8   2   1   2   3  37  11   3   2   1   3  38   4   1   3   0   0   3   3   3   1   1   1   2   2   2  32
9   7   0   1   7   1   7  31  15   2   1   7   0  56  19   1   1   4   0  60   8   1   2   1   0   3   2   0   2   3   1   2   0   2  51
16  12   2   1   7   0   6  30  10   1   1   6   0  59  20   2   1   4   0  68  10   2   3   1   0   1   3   1   0   3   1   1   1   2  58
11   9   2   1   3   5   3  24  10   2   2   3   0  44  15   2   3   2   0  54  10   2   2   1   0   0   3   1   2   2   3   0   2   0  46
15  11   2   3   5   4   5  30  11   1   1   4   5  51  16   2   1   3   0  63  11   0   2   1   1   2   0   0   3   3   0   0   0   1  53
16  11   1   0   6   0   6  32  12   2   1   6   0  55  18   2   2   4   0  63  10   1   3   1   0   1   0   1   0   1   0   1   2   0  54
18  12   2   2   4   4   4  27   8   1   0   3   5  43  13   2   2   2   5  54  11   1   1   1   4   1   0   1   0   1   0   2   1   1  46
0  0  1  1  0  8  6  0  0  1  1  0  4  0  0  2  1  0  0  0  1  1  2  0  0  2  2  0  1  1  0  0  1  2  0
11   9   2   1   3   1   4  23   9   1   2   4   0  37  12   0   1   2   0  53  13   2   2   1   0   3   2   3   3   3   0   2   2   2  45
12   9   1   1   5   2   5  28  12   2   3   4   0  46  15   2   1   3   0  50   7   1   3   1   0   0   2   2   2   1   1   1   0   2  43
8   7   2   1   1   8   6  14   7   1   1   1   5  25  10   1   2   1   2  24   4   1   2   0   0   1   2   0   1   1   3   2   0   1  20
13  10   1   1   5   1   4  31  13   2   0   6   0  60  22   2   1   4   0  68  10   0   3   1   0   3   2   1   2   1   2   1   2   2  58
10   8   1   1   4   7   6  23  10   1   1   4   0  41  13   0   2   2   0  55  12   2   1   1   0   0   3   3   3   3   3   0   1   1  46
10   8   0   1   4   3   4  19   9   1   1   4   0  33  11   1   2   2   0  34   5   0   1   1   0   3   2   0   1   1   2   2   1   2  29
17  13   3   1   4   0   4  30  11   2   1   4   0  50  16   1   2   3   0  57   9   1   3   1   0   3   0   2   0   3   1   2   1   1  48
12  10   1   0   4   3   4  21   8   1   2   4   0  33  10   0   2   2   0  28   2   0   3   0   0   0   1   3   0   3   2   0   2   1  24
18  12   2   1   6   4   6  27   8   1   2   5   5  47  15   0   1   3   0  50   6   0   1   1   0   0   0   1   3   0   3   0   2   1  43
10   8   1   1   3   0   3  21  10   2   3   3   0  40  14   1   2   2   0  46   7   0   2   1   0   3   2   2   0   2   1   1   1   1  39
13  10   2   1   4   7   5  27  11   2   0   3   3  43  12   1   1   2   3  55  11   0   3   1   0   1   1   1   0   2   3   2   2   0  47
19  13   2   1   6   0   6  33  11   1   2   5   0  52  16   1   1   4   0  56   7   1   3   1   0   3   1   1   3   2   0   2   1   0  47
14  10   1   3   4   7   6  17   4   1   2   1   8  19   4   2   2   0   5  14   0   1   3   0   1   3   0   1   2   2   2   2   2   0  12
20  14   2   0   7   1   6  40  14   2   1   7   3  66  20   2   1   5   4  78  13   1   2   2   0   1   0   1   0   0   2   1   2   0  66
0  0  2  3  0  8  6  3  4  1  0  0  1  6  5  1  2  0  3  0  0  0  2  0  0  2  3  1  0  2  2  0  1  0  0
4  5  1  1  1  8  3  8  6  1  1  1  5  5  1  1  1  0  5  0  0  0  1  0  0  2  3  0  0  1  2  0  0  2  0
9   7   1   3   3   2   3  21   9   2   1   3   4  40  14   1   2   2   1  51  10   0   2   1   0   2   0   3   3   1   1   0   1   2  43
9   8   1   0   3   7   5  22  10   2   1   3   1  37  12   1   2   2   0  44   9   0   2   1   0   0   3   1   3   1   1   0   1   1  37
10   8   1   1   4   0   4  24  10   2   1   3   0  40  14   1   3   2   0  33   1   2   1   0   0   1   0   3   0   3   2   0   2   1  28
14  10   2   3   7   0   7  30  11   1   1   6   0  54  18   2   2   4   0  54   6   0   1   1   0   3   3   3   1   1   1   2   2   2  46
18  13   3   3   5   0   6  34  12   2   1   4   0  57  17   1   2   3   0  58   5   1   2   1   0   3   0   1   1   1   1   1   2   2  49
13  10   1   3   6   6   6  33  14   2   1   6   0  61  20   1   3   5   0  79  15   2   2   2   0   0   3   1   2   3   2   1   1   1  67
20  13   2   1   6   6   6  34  12   2   1   6   1  60  20   2   2   4   3  65   8   1   1   1   0   1   3   3   0   1   1   1   1   1  56
9   7   0   1   4   2   4  20  10   2   3   4   0  41  16   1   1   3   0  49   8   2   1   1   0   0   1   2   3   1   3   0   0   1  42
20  14   3   2   5   6   6  32  10   1   1   5   2  54  17   3   2   3   5  58   8   0   1   1   0   1   1   2   0   3   3   2   0   2  49
16  11   2   3   5   4   6  22   6   0   2   4   0  40  14   1   2   3   0  48   9   0   2   1   0   3   1   3   1   3   3   2   1   2  41
15  10   2   2   3   3   4  28  11   2   1   3   5  46  15   1   2   2   3  51   8   0   2   1   0   1   0   1   0   3   2   2   2   2  43
15  10   2   1   4   5   4  28  10   1   2   4   2  55  20   2   2   3   0  65  11   1   2   1   0   0   1   3   2   3   0   0   2   2  56
8   7   0   1   2   8   6  15   7   1   1   2   5  33  14   2   2   2   2  41   9   1   2   1   2   1   2   2   1   2   0   2   0   0  35
10   9   0   1   4   4   5  20   8   1   1   2   7  25   7   1   3   1   5  23   3   0   3   0   4   3   0   0   0   3   1   1   0   2  19
14  10   1   2   4   2   5  31  13   2   0   4   0  51  16   1   1   3   0  58  10   1   2   1   0   1   2   1   2   2   1   2   2   0  49
19  14   2   2   6   0   7  36  13   3   2   6   0  54  14   1   3   4   0  57   8   0   1   1   0   3   0   3   2   2   0   2   1   0  49
13   9   1   3   5   6   6  19   6   1   1   2   8  22   4   2   2   0   8  15   0   1   3   0   3   2   0   3   1   2   2   0   1   0  13
16  11   2   2   5   6   6  29  11   1   2   6   1  50  17   1   2   4   0  56   8   0   3   1   0   1   2   3   1   3   0   2   2   2  47
15  10   1   1   4   6   6  24   8   1   2   4   1  48  18   2   2   3   1  55   9   0   1   1   0   2   2   3   0   1   3   0   1   1  47
19  13   2   0   7   2   7  30  10   1   1   7   0  57  19   2   2   5   0  67  12   0   2   2   0   0   1   3   2   3   0   1   2   1  57
14  10   2   1   4   2   4  25   9   1   1   3   0  42  14   2   1   2   0  49   9   1   1   1   0   1   1   2   3   1   2   2   1   2  42
15  11   2   2   5   2   4  24   9   1   1   6   0  52  20   2   1   4   0  61  11   1   3   2   0   3   3   1   1   0   1   0   1   0  52
15  10   1   2   7   2   7  35  14   3   1   7   0  61  19   2   2   5   0  73  13   0   1   2   0   1   3   3   0   2   1   2   1   0  62
10   8   0   2   7   3   6  25  11   2   2   6   1  54  20   2   2   4   1  58   8   0   1   1   0   1   0   0   0   0   2   2   0   0  50
19  13   2   0   3   7   6  26   7   1   0   2   5  39  12   2   1   1   0  31   0   0   3   0   0   1   2   1   2   1   1   2   1   2  27
23  15   3   0   5   4   6  35  10   2   1   6   0  60  20   1   1   4   0  62   6   1   1   1   0   0   2   3   2   1   2   0   2   1  53
2  3  0  1  1  8  6  7  5  1  3  1  1  2  0  1  1  0  0  0  0  0  2  0  0  1  3  2  3  1  2  0  0  2  0
0  1  0  1  0  8  4  0  2  1  2  0  5  1  3  1  2  0  2  0  0  1  1  0  0  1  3  2  2  1  0  2  0  2  0
13   9   1   1   3   7   6  28  11   2   1   3   3  43  13   2   2   2   1  56  12   1   3   1   0   1   1   3   1   2   2   2   2   0  48
12   9   1   1   2   8   5   7   0   1   2   0   8   7   2   1   2   0   3   2   0   0   2   0   4   0   0   3   3   2   0   1   1   0   2
16  12   2   0   7   1   7  29  10   0   1   7   0  58  21   1   2   5   0  71  13   1   3   2   0   1   3   0   1   0   0   2   0   0  60
13  10   1   0   5   3   4  27  10   2   2   5   0  51  17   2   1   3   0  55   7   1   2   1   0   0   1   0   2   1   1   1   0   1  46
7   6   0   1   3   6   4  20  10   2   1   3   2  43  17   2   1   2   3  56  13   2   1   1   1   3   1   1   0   1   0   2   2   1  48
14  10   2   1   4   7   6  10   0   2   1   0   8   5   0   1   3   0   3   0   0   0   1   0   0   3   0   2   2   3   1   2   0   1   0
12   9   0   2   7   3   7  27  11   1   0   7   0  54  20   1   1   6   0  64  10   1   3   2   0   0   1   0   3   2   3   0   1   0  54
10   7   1   1   2   8   4  15   5   2   1   1   7  25   9   2   2   1   3  19   0   1   2   0   0   0   0   1   2   3   1   0   2   2  16
19  13   2   1   6   4   6  36  12   2   3   5   0  53  14   1   2   3   0  56   6   0   2   1   0   1   3   3   0   2   2   2   1   0  47
10   8   0   0   5   6   6  24  10   1   0   4   3  45  16   3   2   3   0  52   9   0   2   1   0   3   1   0   3   3   1   2   0   2  44
13   9   1   1   4   5   4  26  11   2   1   4   2  45  15   1   1   3   0  55  11   1   2   1   0   3   1   0   2   1   1   1   1   1  47
14  11   2   1   5   1   6  32  13   2   2   4   0  53  16   2   2   3   0  62  10   1   1   1   0   2   1   3   1   2   1   0   1   0  53
11   9   1   3   5   3   6  23  10   1   2   5   0  53  21   3   2   4   0  53   6   0   3   1   0   3   1   2   0   3   2   2   0   2  45
13  10   1   1   4   6   4  22   9   1   1   4   2  43  16   1   1   3   4  46   6   1   2   1   4   0   2   2   0   2   0   0   0   0  39
6   6   0   2   4   4   5  16   8   1   2   4   0  37  15   0   1   3   0  42   7   0   1   1   0   1   2   1   3   1   3   2   2   1  36
11   8   1   3   3   4   3  28  12   2   1   4   0  54  19   2   1   3   0  62  10   1   2   1   0   1   3   0   3   0   2   0   0   0  53
17  12   1   0   3   8   6  22   6   0   1   3   4  41  15   1   1   2   0  49  10   1   1   1   0   0   1   2   1   1   2   0   1   2  42
12   9   1   3   5   2   6  20   7   1   3   4   6  39  15   1   2   3   4  45   8   1   1   1   5   2   0   3   2   3   0   0   2   1  38
17  12   2   1   6   4   6  27  10   1   1   6   1  51  18   1   3   4   0  63  12   2   1   1   0   0   1   0   2   3   3   0   0   2  54
14  10   1   1   5   2   5  32  14   2   1   5   0  55  17   1   3   3   0  56   6   0   2   1   0   2   1   3   2   2   2   0   1   0  47
21  14   3   2   4   5   4  35  12   2   1   4   2  55  16   1   1   3   0  63  10   1   3   1   0   3   1   1   3   1   1   2   2   2  54
9   8   1   1   3   5   4  20  10   2   2   3   1  36  13   1   2   2   0  39   6   0   2   1   0   2   1   2   3   0   3   0   0   0  33
15  10   1   1   5   4   5  26   9   1   1   3   7  42  12   1   2   2   4  55  11   1   1   1   1   3   0   3   2   3   1   1   2   2  46
12   9   1   0   5   5   6  21   8   0   3   6   2  45  18   1   2   4   1  57  11   1   1   1   0   1   1   3   1   3   1   1   0   2  48
17  12   2   0   5   2   6  28   9   1   0   5   0  50  17   1   2   3   0  65  13   1   1   1   0   1   1   1   1   1   0   2   2   2  55
8   7   0   1   5   1   6  18   9   1   0   4   0  39  16   1   2   3   0  46  10   0   2   1   0   1   2   1   0   1   2   2   1   2  39
15  11   1   1   5   4   5  36  14   3   2   5   0  57  17   2   2   4   0  62   9   0   3   1   0   1   1   2   0   2   2   1   0   0  53
0  0  1  0  0  8  6  0  2  2  1  0  3  0  0  2  2  0  0  2  3  2  2  0  0  1  2  1  1  2  2  2  2  0  2
12   9   1   3   5   5   6  17   5   0   3   4   4  37  14   1   2   2   7  33   3   0   2   0   2   2   1   3   0   3   3   1   0   1  28
12   9   1   1   4   2   4  26  11   2   1   4   1  54  20   3   1   3   0  57   7   1   2   1   0   1   1   3   3   0   0   2   2   0  48
23  16   3   1   7   1   6  40  12   2   2   7   0  66  19   1   1   5   0  78  13   2   2   2   0   1   1   1   0   3   2   1   1   1  66
10   8   0   1   7   3   6  27  12   2   2   5   6  49  16   2   1   3   1  53   7   1   2   1   0   2   0   1   3   3   2   1   1   2  45
16  11   2   1   3   0   3  28  10   2   0   3   0  44  13   2   3   2   0  47   6   1   1   1   0   0   1   1   3   3   2   0   2   2  40
14  10   1   2   5   5   5  27  11   1   0   6   0  52  18   1   2   4   0  60  10   0   1   2   0   3   2   1   0   2   2   1   0   0  51
7   6   0   2   4   4   4  15   7   1   0   3   6  29  12   0   1   2   1  28   4   1   3   0   0   2   0   1   1   1   2   1   1   2  24
10   8   1   1   3   1   3  21   9   2   1   2   0  29   8   2   3   1   0  26   2   1   1   0   0   0   3   0   2   2   2   1   0   0  22
12   8   1   3   3   7   6  21   7   1   1   2   6  28   7   0   3   1   3  22   0   1   3   0   0   2   1   0   0   3   3   0   1   2  19
9   8   2   2   3   6   4  24  11   2   0   3   0  37  12   1   2   2   0  43   9   0   1   1   0   1   3   0   3   1   2   1   0   2  36
16  11   1   0   6   2   6  27   8   0   1   6   0  47  15   1   2   4   0  49   6   1   3   1   0   0   1   3   1   3   0   0   2   1  42
23  15   2   1   6   5   6  29   7   1   3   5   0  54  19   2   2   3   0  59   7   1   2   1   0   0   3   3   2   2   2   0   1   1  50
11   8   0   1   5   0   6  23   9   1   1   5   0  48  18   2   2   3   0  48   6   0   2   1   0   0   1   2   3   2   3   0   1   0  41
2   4   0   2   1   8   5   9   6   2   2   1   4  16   7   3   2   1   0  11   0   1   3   0   0   1   2   2   2   2   2   1   1   0  10
19  13   2   0   3   7   6  29   8   1   1   3   0  48  14   1   1   2   0  57  10   2   2   1   0   0   1   2   3   1   0   1   1   2  48
11   9   3   2   2   7   4  18   7   2   2   2   2  35  13   2   2   1   0  28   0   0   1   0   0   1   3   2   1   3   2   1   0   2  24
13   9   1   1   4   1   4  27  10   2   2   4   0  45  15   1   1   3   0  52   9   0   1   1   0   1   3   3   0   2   3   1   1   0  44
17  11   1   2   6   4   6  35  13   2   2   6   0  64  21   2   2   4   0  72  10   0   1   1   0   1   1   1   2   1   3   2   1   2  61
13   9   1   2   6   5   6  34  15   2   1   6   1  56  17   2   1   4   0  66  10   1   2   1   0   1   1   1   3   2   3   2   2   1  56
10   8   1   1   3   1   3  20   8   1   2   3   0  35  12   2   1   2   0  54  14   2   1   1   0   2   1   1   0   1   3   0   2   2  46
17  12   1   1   6   1   6  29  10   2   1   5   0  49  15   1   1   3   0  54   8   1   1   1   0   2   3   1   1   1   2   0   2   2  46
18  12   1   1   4   7   5  27   9   2   3   3   3  45  13   1   2   2   0  45   5   0   1   1   0   1   1   3   2   3   1   2   1   1  38
9   8   1   3   5   6   6  25  11   1   1   5   2  45  16   1   1   4   0  53   9   2   2   1   0   3   1   3   3   1   2   1   2   1  45
16  11   2   0   4   6   4  31  12   2   0   4   4  44  11   0   2   2   4  49   8   0   3   1   0   1   0   0   0   2   3   2   1   0  41
12   9   1   1   6   3   6  24   9   1   3   5   0  45  15   1   2   3   0  54  10   1   1   1   0   0   3   3   2   2   3   0   2   0  46
17  12   2   1   5   0   5  30  12   2   1   5   0  54  18   1   3   4   0  56   7   1   2   1   1   1   1   1   1   3   0   1   1   0  48
17  12   1   1   5   3   6  38  15   3   1   5   0  58  16   1   2   3   0  62   9   1   1   1   0   2   2   0   3   1   3   0   0   1  52
17  11   2   1   4   2   4  37  14   3   3   5   0  55  14   1   1   3   0  61   9   1   2   1   0   0   2   3   0   0   3   0   1   1  52
19  13   2   0   6   5   6  34  11   1   1   7   0  63  20   2   2   5   0  74  12   0   3   2   0   1   1   1   2   1   0   1   2   1  63
7   6   0   1   2   8   6  14   7   1   2   3   2  28  12   1   3   2   0  36   9   2   2   1   0   1   2   3   1   3   1   2   2   1  31
17  11   2   2   4   2   4  28  10   2   3   4   0  43  13   1   1   2   0  50   8   1   2   1   0   3   1   2   1   0   1   1   0   0  43
16  11   1   1   5   6   7  27   9   1   2   5   3  51  18   2   2   3   0  59  10   2   3   1   0   3   3   1   1   3   3   1   1   2  50
13   9   1   2   5   4   5  27  11   1   1   5   1  47  16   2   2   3   0  56  10   0   2   1   0   1   1   2   3   3   1   2   0   2  48
21  14   2   0   6   0   6  34  10   1   1   6   0  59  18   2   2   5   0  72  12   0   2   2   0   1   1   0   2   1   0   2   0   2  61
15  11   2   1   5   1   6  28   9   1   1   5   0  51  18   3   2   3   0  55   7   1   1   1   0   1   2   1   0   3   0   1   1   2  47
